k10_1:=[
SimplicialSurfaceByDownwardIncidence([ [ 1, 2 ], [ 1, 3 ], [ 2, 3 ], [ 1, 2 ], [ 1, 3 ], [ 2, 3 ], [ 2, 3 ], 
  [ 1, 3 ], [ 1, 4 ], [ 3, 4 ], [ 2, 4 ], [ 1, 2 ], [ 2, 5 ], [ 1, 5 ], 
  [ 3, 5 ] ],[ [ 1, 2, 3 ], [ 4, 5, 6 ], [ 4, 7, 8 ], [ 1, 5, 7 ], [ 2, 9, 10 ], 
  [ 9, 11, 12 ], [ 6, 10, 11 ], [ 12, 13, 14 ], [ 3, 13, 15 ], 
  [ 8, 14, 15 ] ]),
SimplicialSurfaceByDownwardIncidence([ [ 1, 2 ], [ 1, 3 ], [ 2, 3 ], [ 1, 2 ], [ 2, 4 ], [ 1, 4 ], [ 1, 4 ], 
  [ 2, 4 ], [ 1, 4 ], [ 3, 4 ], [ 1, 3 ], [ 3, 4 ], [ 3, 5 ], [ 4, 5 ], 
  [ 2, 5 ] ],[ [ 1, 2, 3 ], [ 4, 5, 6 ], [ 4, 7, 8 ], [ 1, 5, 7 ], [ 2, 9, 10 ], 
  [ 9, 11, 12 ], [ 6, 10, 11 ], [ 12, 13, 14 ], [ 3, 13, 15 ], 
  [ 8, 14, 15 ] ]),
SimplicialSurfaceByDownwardIncidence([ [ 1, 2 ], [ 1, 3 ], [ 2, 3 ], [ 2, 3 ], [ 1, 3 ], [ 3, 4 ], [ 1, 4 ], 
  [ 2, 4 ], [ 1, 2 ], [ 2, 3 ], [ 1, 3 ], [ 1, 2 ], [ 2, 5 ], [ 1, 5 ], 
  [ 4, 5 ] ],[ [ 1, 2, 3 ], [ 1, 4, 5 ], [ 2, 6, 7 ], [ 4, 6, 8 ], [ 5, 9, 10 ], 
  [ 3, 9, 11 ], [ 10, 11, 12 ], [ 12, 13, 14 ], [ 8, 13, 15 ], 
  [ 7, 14, 15 ] ]),
SimplicialSurfaceByDownwardIncidence([ [ 1, 2 ], [ 1, 3 ], [ 2, 3 ], [ 2, 3 ], [ 1, 3 ], [ 1, 2 ], [ 2, 3 ], 
  [ 1, 3 ], [ 3, 4 ], [ 1, 4 ], [ 2, 4 ], [ 1, 2 ], [ 1, 5 ], [ 2, 5 ], 
  [ 3, 5 ] ],[ [ 1, 2, 3 ], [ 1, 4, 5 ], [ 2, 6, 7 ], [ 4, 6, 8 ], [ 5, 9, 10 ], 
  [ 3, 9, 11 ], [ 10, 11, 12 ], [ 12, 13, 14 ], [ 8, 13, 15 ], 
  [ 7, 14, 15 ] ]),
SimplicialSurfaceByDownwardIncidence([ [ 1, 2 ], [ 1, 3 ], [ 2, 3 ], [ 1, 4 ], [ 2, 4 ], [ 1, 5 ], [ 3, 5 ], 
  [ 4, 5 ], [ 3, 4 ], [ 2, 3 ], [ 2, 4 ], [ 3, 4 ], [ 3, 5 ], [ 4, 5 ], 
  [ 3, 4 ] ],[ [ 1, 2, 3 ], [ 1, 4, 5 ], [ 2, 6, 7 ], [ 4, 6, 8 ], [ 5, 9, 10 ], 
  [ 3, 9, 11 ], [ 10, 11, 12 ], [ 12, 13, 14 ], [ 8, 13, 15 ], 
  [ 7, 14, 15 ] ]),
SimplicialSurfaceByDownwardIncidence([ [ 1, 2 ], [ 1, 3 ], [ 2, 3 ], [ 1, 4 ], [ 2, 4 ], [ 3, 4 ], [ 1, 4 ], 
  [ 1, 3 ], [ 3, 4 ], [ 2, 3 ], [ 2, 4 ], [ 3, 4 ], [ 3, 5 ], [ 4, 5 ], 
  [ 1, 5 ] ],[ [ 1, 2, 3 ], [ 1, 4, 5 ], [ 2, 6, 7 ], [ 4, 6, 8 ], [ 5, 9, 10 ], 
  [ 3, 9, 11 ], [ 10, 11, 12 ], [ 12, 13, 14 ], [ 8, 13, 15 ], 
  [ 7, 14, 15 ] ]),
SimplicialSurfaceByDownwardIncidence([ [ 1, 2 ], [ 1, 3 ], [ 2, 3 ], [ 1, 3 ], [ 2, 3 ], [ 1, 4 ], [ 1, 2 ], 
  [ 2, 4 ], [ 3, 4 ], [ 1, 2 ], [ 1, 3 ], [ 2, 3 ], [ 2, 5 ], [ 3, 5 ], 
  [ 4, 5 ] ],[ [ 1, 2, 3 ], [ 1, 4, 5 ], [ 6, 7, 8 ], [ 4, 6, 9 ], [ 5, 10, 11 ], 
  [ 2, 10, 12 ], [ 7, 11, 12 ], [ 3, 13, 14 ], [ 8, 13, 15 ], 
  [ 9, 14, 15 ] ]),
SimplicialSurfaceByDownwardIncidence([ [ 1, 2 ], [ 1, 3 ], [ 2, 3 ], [ 1, 3 ], [ 2, 3 ], [ 2, 3 ], [ 1, 2 ], 
  [ 1, 3 ], [ 1, 2 ], [ 3, 4 ], [ 2, 4 ], [ 1, 4 ], [ 3, 5 ], [ 2, 5 ], 
  [ 1, 5 ] ],[ [ 1, 2, 3 ], [ 1, 4, 5 ], [ 6, 7, 8 ], [ 4, 6, 9 ], [ 5, 10, 11 ], 
  [ 2, 10, 12 ], [ 7, 11, 12 ], [ 3, 13, 14 ], [ 8, 13, 15 ], 
  [ 9, 14, 15 ] ]),
SimplicialSurfaceByDownwardIncidence([ [ 1, 2 ], [ 1, 3 ], [ 2, 3 ], [ 2, 4 ], [ 1, 4 ], [ 2, 3 ], [ 3, 4 ], 
  [ 2, 4 ], [ 3, 4 ], [ 3, 4 ], [ 1, 3 ], [ 1, 4 ], [ 2, 5 ], [ 3, 5 ], 
  [ 4, 5 ] ],[ [ 1, 2, 3 ], [ 1, 4, 5 ], [ 6, 7, 8 ], [ 4, 6, 9 ], [ 5, 10, 11 ], 
  [ 2, 10, 12 ], [ 7, 11, 12 ], [ 3, 13, 14 ], [ 8, 13, 15 ], 
  [ 9, 14, 15 ] ]),
SimplicialSurfaceByDownwardIncidence([ [ 1, 2 ], [ 1, 3 ], [ 2, 3 ], [ 2, 4 ], [ 1, 4 ], [ 4, 5 ], [ 3, 4 ], 
  [ 3, 5 ], [ 2, 5 ], [ 3, 4 ], [ 1, 3 ], [ 1, 4 ], [ 2, 5 ], [ 3, 5 ], 
  [ 2, 3 ] ],[ [ 1, 2, 3 ], [ 1, 4, 5 ], [ 6, 7, 8 ], [ 4, 6, 9 ], [ 5, 10, 11 ], 
  [ 2, 10, 12 ], [ 7, 11, 12 ], [ 3, 13, 14 ], [ 8, 13, 15 ], 
  [ 9, 14, 15 ] ])];
