SimplicialSurfaceByDownwardsIncidence([ [ 1, 2 ], [ 1, 3 ], [ 2, 3 ], [ 2, 3 ], [ 1, 3 ], [ 1, 2 ], [ 1, 4 ], 
  [ 3, 4 ], [ 1, 3 ], [ 2, 4 ], [ 1, 2 ], [ 2, 5 ], [ 1, 5 ], [ 3, 5 ], 
  [ 2, 3 ], [ 3, 6 ], [ 1, 6 ], [ 2, 6 ] ],[ [ 1, 2, 3 ], [ 1, 4, 5 ], [ 2, 4, 6 ], [ 7, 8, 9 ], [ 7, 10, 11 ], 
  [ 3, 8, 10 ], [ 11, 12, 13 ], [ 12, 14, 15 ], [ 5, 13, 14 ], 
  [ 9, 16, 17 ], [ 15, 16, 18 ], [ 6, 17, 18 ] ])
SimplicialSurfaceByDownwardsIncidence([ [ 1, 2 ], [ 1, 3 ], [ 2, 3 ], [ 1, 4 ], [ 2, 4 ], [ 3, 4 ], [ 2, 3 ], 
  [ 2, 5 ], [ 3, 5 ], [ 3, 5 ], [ 2, 5 ], [ 2, 4 ], [ 4, 5 ], [ 2, 5 ], 
  [ 4, 5 ], [ 5, 6 ], [ 3, 6 ], [ 4, 6 ] ],[ [ 1, 2, 3 ], [ 1, 4, 5 ], [ 2, 4, 6 ], [ 7, 8, 9 ], [ 7, 10, 11 ], 
  [ 3, 8, 10 ], [ 11, 12, 13 ], [ 12, 14, 15 ], [ 5, 13, 14 ], 
  [ 9, 16, 17 ], [ 15, 16, 18 ], [ 6, 17, 18 ] ])
SimplicialSurfaceByDownwardsIncidence([ [ 1, 2 ], [ 1, 3 ], [ 2, 3 ], [ 1, 4 ], [ 1, 3 ], [ 3, 4 ], [ 2, 4 ], 
  [ 2, 3 ], [ 1, 2 ], [ 1, 3 ], [ 1, 2 ], [ 2, 3 ], [ 2, 5 ], [ 1, 5 ], 
  [ 3, 5 ], [ 2, 6 ], [ 3, 6 ], [ 4, 6 ] ],[ [ 1, 2, 3 ], [ 4, 5, 6 ], [ 1, 4, 7 ], [ 2, 8, 9 ], [ 8, 10, 11 ], 
  [ 9, 10, 12 ], [ 11, 13, 14 ], [ 3, 13, 15 ], [ 5, 14, 15 ], 
  [ 12, 16, 17 ], [ 7, 16, 18 ], [ 6, 17, 18 ] ])
SimplicialSurfaceByDownwardsIncidence([ [ 1, 2 ], [ 1, 3 ], [ 2, 3 ], [ 1, 4 ], [ 1, 3 ], [ 3, 4 ], [ 2, 4 ], 
  [ 1, 5 ], [ 3, 5 ], [ 2, 5 ], [ 1, 2 ], [ 2, 3 ], [ 1, 3 ], [ 2, 3 ], 
  [ 1, 2 ], [ 2, 6 ], [ 3, 6 ], [ 4, 6 ] ],[ [ 1, 2, 3 ], [ 4, 5, 6 ], [ 1, 4, 7 ], [ 2, 8, 9 ], [ 8, 10, 11 ], 
  [ 9, 10, 12 ], [ 11, 13, 14 ], [ 3, 13, 15 ], [ 5, 14, 15 ], 
  [ 12, 16, 17 ], [ 7, 16, 18 ], [ 6, 17, 18 ] ])
SimplicialSurfaceByDownwardsIncidence([ [ 1, 2 ], [ 1, 3 ], [ 2, 3 ], [ 1, 4 ], [ 2, 4 ], [ 1, 2 ], [ 2, 4 ], 
  [ 3, 5 ], [ 1, 5 ], [ 4, 5 ], [ 3, 4 ], [ 1, 4 ], [ 3, 6 ], [ 4, 6 ], 
  [ 2, 6 ], [ 1, 2 ], [ 2, 4 ], [ 1, 4 ] ],[ [ 1, 2, 3 ], [ 4, 5, 6 ], [ 1, 4, 7 ], [ 2, 8, 9 ], [ 8, 10, 11 ], 
  [ 9, 10, 12 ], [ 11, 13, 14 ], [ 3, 13, 15 ], [ 5, 14, 15 ], 
  [ 12, 16, 17 ], [ 7, 16, 18 ], [ 6, 17, 18 ] ])
SimplicialSurfaceByDownwardsIncidence([ [ 1, 2 ], [ 1, 3 ], [ 2, 3 ], [ 2, 3 ], [ 1, 3 ], [ 1, 2 ], [ 1, 3 ], 
  [ 1, 4 ], [ 3, 4 ], [ 2, 4 ], [ 1, 2 ], [ 2, 3 ], [ 2, 5 ], [ 1, 5 ], 
  [ 3, 5 ], [ 3, 6 ], [ 2, 6 ], [ 1, 6 ] ],[ [ 1, 2, 3 ], [ 4, 5, 6 ], [ 1, 4, 7 ], [ 2, 8, 9 ], [ 8, 10, 11 ], 
  [ 9, 10, 12 ], [ 11, 13, 14 ], [ 3, 13, 15 ], [ 5, 14, 15 ], 
  [ 12, 16, 17 ], [ 7, 16, 18 ], [ 6, 17, 18 ] ])
SimplicialSurfaceByDownwardsIncidence([ [ 1, 2 ], [ 1, 3 ], [ 2, 3 ], [ 2, 4 ], [ 2, 5 ], [ 4, 5 ], [ 1, 4 ], 
  [ 1, 5 ], [ 3, 5 ], [ 1, 3 ], [ 3, 5 ], [ 1, 5 ], [ 2, 5 ], [ 2, 3 ], 
  [ 3, 5 ], [ 1, 6 ], [ 5, 6 ], [ 4, 6 ] ],[ [ 1, 2, 3 ], [ 4, 5, 6 ], [ 1, 4, 7 ], [ 2, 8, 9 ], [ 8, 10, 11 ], 
  [ 9, 10, 12 ], [ 11, 13, 14 ], [ 3, 13, 15 ], [ 5, 14, 15 ], 
  [ 12, 16, 17 ], [ 7, 16, 18 ], [ 6, 17, 18 ] ])
SimplicialSurfaceByDownwardsIncidence([ [ 1, 2 ], [ 1, 3 ], [ 2, 3 ], [ 2, 4 ], [ 2, 5 ], [ 4, 5 ], [ 1, 4 ], 
  [ 1, 5 ], [ 3, 5 ], [ 1, 3 ], [ 3, 5 ], [ 1, 5 ], [ 3, 6 ], [ 5, 6 ], 
  [ 2, 6 ], [ 4, 5 ], [ 1, 4 ], [ 1, 5 ] ],[ [ 1, 2, 3 ], [ 4, 5, 6 ], [ 1, 4, 7 ], [ 2, 8, 9 ], [ 8, 10, 11 ], 
  [ 9, 10, 12 ], [ 11, 13, 14 ], [ 3, 13, 15 ], [ 5, 14, 15 ], 
  [ 12, 16, 17 ], [ 7, 16, 18 ], [ 6, 17, 18 ] ])
SimplicialSurfaceByDownwardsIncidence([ [ 1, 2 ], [ 1, 3 ], [ 2, 3 ], [ 1, 4 ], [ 2, 4 ], [ 1, 2 ], [ 2, 4 ], 
  [ 1, 4 ], [ 3, 4 ], [ 1, 3 ], [ 3, 4 ], [ 1, 4 ], [ 3, 5 ], [ 4, 5 ], 
  [ 2, 5 ], [ 4, 6 ], [ 1, 6 ], [ 2, 6 ] ],[ [ 1, 2, 3 ], [ 4, 5, 6 ], [ 1, 4, 7 ], [ 2, 8, 9 ], [ 8, 10, 11 ], 
  [ 9, 10, 12 ], [ 11, 13, 14 ], [ 3, 13, 15 ], [ 5, 14, 15 ], 
  [ 12, 16, 17 ], [ 7, 16, 18 ], [ 6, 17, 18 ] ])
SimplicialSurfaceByDownwardsIncidence([ [ 1, 2 ], [ 1, 3 ], [ 2, 3 ], [ 1, 4 ], [ 2, 4 ], [ 1, 2 ], [ 2, 4 ], 
  [ 3, 5 ], [ 1, 5 ], [ 4, 5 ], [ 3, 4 ], [ 1, 4 ], [ 2, 4 ], [ 2, 3 ], 
  [ 3, 4 ], [ 4, 6 ], [ 1, 6 ], [ 2, 6 ] ],[ [ 1, 2, 3 ], [ 4, 5, 6 ], [ 1, 4, 7 ], [ 2, 8, 9 ], [ 8, 10, 11 ], 
  [ 9, 10, 12 ], [ 11, 13, 14 ], [ 3, 13, 15 ], [ 5, 14, 15 ], 
  [ 12, 16, 17 ], [ 7, 16, 18 ], [ 6, 17, 18 ] ])
SimplicialSurfaceByDownwardsIncidence([ [ 1, 2 ], [ 1, 3 ], [ 2, 3 ], [ 1, 4 ], [ 1, 3 ], [ 3, 4 ], [ 2, 4 ], 
  [ 1, 5 ], [ 3, 5 ], [ 2, 5 ], [ 1, 2 ], [ 2, 3 ], [ 2, 6 ], [ 1, 6 ], 
  [ 3, 6 ], [ 3, 4 ], [ 2, 4 ], [ 2, 3 ] ],[ [ 1, 2, 3 ], [ 4, 5, 6 ], [ 1, 4, 7 ], [ 2, 8, 9 ], [ 8, 10, 11 ], 
  [ 9, 10, 12 ], [ 11, 13, 14 ], [ 3, 13, 15 ], [ 5, 14, 15 ], 
  [ 12, 16, 17 ], [ 7, 16, 18 ], [ 6, 17, 18 ] ])
SimplicialSurfaceByDownwardsIncidence([ [ 1, 2 ], [ 1, 3 ], [ 2, 3 ], [ 2, 4 ], [ 2, 5 ], [ 4, 5 ], [ 1, 4 ], 
  [ 3, 6 ], [ 1, 6 ], [ 5, 6 ], [ 3, 5 ], [ 1, 5 ], [ 2, 5 ], [ 2, 3 ], 
  [ 3, 5 ], [ 4, 5 ], [ 1, 4 ], [ 1, 5 ] ],[ [ 1, 2, 3 ], [ 4, 5, 6 ], [ 1, 4, 7 ], [ 2, 8, 9 ], [ 8, 10, 11 ], 
  [ 9, 10, 12 ], [ 11, 13, 14 ], [ 3, 13, 15 ], [ 5, 14, 15 ], 
  [ 12, 16, 17 ], [ 7, 16, 18 ], [ 6, 17, 18 ] ])
SimplicialSurfaceByDownwardsIncidence([ [ 1, 2 ], [ 1, 3 ], [ 2, 3 ], [ 1, 4 ], [ 1, 3 ], [ 3, 4 ], [ 1, 2 ], 
  [ 2, 4 ], [ 1, 3 ], [ 2, 3 ], [ 1, 2 ], [ 2, 3 ], [ 3, 5 ], [ 2, 5 ], 
  [ 1, 5 ], [ 3, 6 ], [ 2, 6 ], [ 4, 6 ] ],[ [ 1, 2, 3 ], [ 4, 5, 6 ], [ 4, 7, 8 ], [ 1, 9, 10 ], [ 9, 11, 12 ], 
  [ 5, 10, 11 ], [ 12, 13, 14 ], [ 2, 13, 15 ], [ 7, 14, 15 ], 
  [ 3, 16, 17 ], [ 6, 16, 18 ], [ 8, 17, 18 ] ])
SimplicialSurfaceByDownwardsIncidence([ [ 1, 2 ], [ 1, 3 ], [ 2, 3 ], [ 2, 3 ], [ 2, 4 ], [ 3, 4 ], [ 3, 4 ], 
  [ 2, 4 ], [ 1, 5 ], [ 2, 5 ], [ 4, 5 ], [ 1, 4 ], [ 1, 6 ], [ 4, 6 ], 
  [ 3, 6 ], [ 2, 4 ], [ 3, 4 ], [ 2, 3 ] ],[ [ 1, 2, 3 ], [ 4, 5, 6 ], [ 4, 7, 8 ], [ 1, 9, 10 ], [ 9, 11, 12 ], 
  [ 5, 10, 11 ], [ 12, 13, 14 ], [ 2, 13, 15 ], [ 7, 14, 15 ], 
  [ 3, 16, 17 ], [ 6, 16, 18 ], [ 8, 17, 18 ] ])
SimplicialSurfaceByDownwardsIncidence([ [ 1, 2 ], [ 1, 3 ], [ 2, 3 ], [ 2, 3 ], [ 1, 3 ], [ 1, 2 ], [ 1, 2 ], 
  [ 1, 3 ], [ 2, 4 ], [ 1, 4 ], [ 3, 4 ], [ 2, 3 ], [ 3, 5 ], [ 2, 5 ], 
  [ 1, 5 ], [ 2, 6 ], [ 3, 6 ], [ 1, 6 ] ],[ [ 1, 2, 3 ], [ 4, 5, 6 ], [ 4, 7, 8 ], [ 1, 9, 10 ], [ 9, 11, 12 ], 
  [ 5, 10, 11 ], [ 12, 13, 14 ], [ 2, 13, 15 ], [ 7, 14, 15 ], 
  [ 3, 16, 17 ], [ 6, 16, 18 ], [ 8, 17, 18 ] ])
SimplicialSurfaceByDownwardsIncidence([ [ 1, 2 ], [ 1, 3 ], [ 2, 3 ], [ 4, 5 ], [ 2, 4 ], [ 2, 5 ], [ 3, 4 ], 
  [ 3, 5 ], [ 2, 4 ], [ 1, 4 ], [ 1, 2 ], [ 1, 4 ], [ 3, 4 ], [ 1, 3 ], 
  [ 1, 4 ], [ 2, 6 ], [ 3, 6 ], [ 5, 6 ] ],[ [ 1, 2, 3 ], [ 4, 5, 6 ], [ 4, 7, 8 ], [ 1, 9, 10 ], [ 9, 11, 12 ], 
  [ 5, 10, 11 ], [ 12, 13, 14 ], [ 2, 13, 15 ], [ 7, 14, 15 ], 
  [ 3, 16, 17 ], [ 6, 16, 18 ], [ 8, 17, 18 ] ])
SimplicialSurfaceByDownwardsIncidence([ [ 1, 2 ], [ 1, 3 ], [ 2, 3 ], [ 2, 3 ], [ 2, 4 ], [ 3, 4 ], [ 3, 4 ], 
  [ 2, 4 ], [ 2, 4 ], [ 1, 4 ], [ 1, 2 ], [ 1, 4 ], [ 1, 5 ], [ 4, 5 ], 
  [ 3, 5 ], [ 3, 6 ], [ 2, 6 ], [ 4, 6 ] ],[ [ 1, 2, 3 ], [ 4, 5, 6 ], [ 4, 7, 8 ], [ 1, 9, 10 ], [ 9, 11, 12 ], 
  [ 5, 10, 11 ], [ 12, 13, 14 ], [ 2, 13, 15 ], [ 7, 14, 15 ], 
  [ 3, 16, 17 ], [ 6, 16, 18 ], [ 8, 17, 18 ] ])
SimplicialSurfaceByDownwardsIncidence([ [ 1, 2 ], [ 1, 3 ], [ 2, 3 ], [ 1, 4 ], [ 1, 3 ], [ 3, 4 ], [ 1, 2 ], 
  [ 2, 4 ], [ 2, 5 ], [ 1, 5 ], [ 3, 5 ], [ 2, 3 ], [ 3, 6 ], [ 2, 6 ], 
  [ 1, 6 ], [ 2, 4 ], [ 3, 4 ], [ 2, 3 ] ],[ [ 1, 2, 3 ], [ 4, 5, 6 ], [ 4, 7, 8 ], [ 1, 9, 10 ], [ 9, 11, 12 ], 
  [ 5, 10, 11 ], [ 12, 13, 14 ], [ 2, 13, 15 ], [ 7, 14, 15 ], 
  [ 3, 16, 17 ], [ 6, 16, 18 ], [ 8, 17, 18 ] ])
SimplicialSurfaceByDownwardsIncidence([ [ 1, 2 ], [ 1, 3 ], [ 2, 3 ], [ 4, 5 ], [ 2, 4 ], [ 2, 5 ], [ 3, 4 ], 
  [ 3, 5 ], [ 1, 6 ], [ 2, 6 ], [ 4, 6 ], [ 1, 4 ], [ 3, 4 ], [ 1, 3 ], 
  [ 1, 4 ], [ 3, 5 ], [ 2, 5 ], [ 2, 3 ] ],[ [ 1, 2, 3 ], [ 4, 5, 6 ], [ 4, 7, 8 ], [ 1, 9, 10 ], [ 9, 11, 12 ], 
  [ 5, 10, 11 ], [ 12, 13, 14 ], [ 2, 13, 15 ], [ 7, 14, 15 ], 
  [ 3, 16, 17 ], [ 6, 16, 18 ], [ 8, 17, 18 ] ])
SimplicialSurfaceByDownwardsIncidence([ [ 1, 2 ], [ 1, 3 ], [ 2, 3 ], [ 1, 4 ], [ 2, 4 ], [ 3, 4 ], [ 1, 4 ], 
  [ 1, 3 ], [ 2, 5 ], [ 4, 5 ], [ 3, 5 ], [ 1, 4 ], [ 1, 3 ], [ 3, 4 ], 
  [ 3, 4 ], [ 4, 6 ], [ 3, 6 ], [ 5, 6 ] ],[ [ 1, 2, 3 ], [ 1, 4, 5 ], [ 2, 6, 7 ], [ 4, 6, 8 ], [ 5, 9, 10 ], 
  [ 3, 9, 11 ], [ 12, 13, 14 ], [ 8, 12, 15 ], [ 7, 13, 15 ], 
  [ 14, 16, 17 ], [ 10, 16, 18 ], [ 11, 17, 18 ] ])
SimplicialSurfaceByDownwardsIncidence([ [ 1, 2 ], [ 1, 3 ], [ 2, 3 ], [ 2, 3 ], [ 1, 3 ], [ 3, 4 ], [ 1, 4 ], 
  [ 2, 4 ], [ 1, 2 ], [ 2, 3 ], [ 1, 3 ], [ 2, 5 ], [ 1, 5 ], [ 1, 2 ], 
  [ 4, 5 ], [ 2, 6 ], [ 1, 6 ], [ 3, 6 ] ],[ [ 1, 2, 3 ], [ 1, 4, 5 ], [ 2, 6, 7 ], [ 4, 6, 8 ], [ 5, 9, 10 ], 
  [ 3, 9, 11 ], [ 12, 13, 14 ], [ 8, 12, 15 ], [ 7, 13, 15 ], 
  [ 14, 16, 17 ], [ 10, 16, 18 ], [ 11, 17, 18 ] ])
SimplicialSurfaceByDownwardsIncidence([ [ 1, 2 ], [ 1, 3 ], [ 2, 3 ], [ 1, 4 ], [ 2, 4 ], [ 1, 5 ], [ 3, 5 ], 
  [ 4, 5 ], [ 2, 6 ], [ 4, 6 ], [ 3, 6 ], [ 3, 5 ], [ 4, 5 ], [ 3, 4 ], 
  [ 3, 4 ], [ 3, 6 ], [ 4, 6 ], [ 3, 4 ] ],[ [ 1, 2, 3 ], [ 1, 4, 5 ], [ 2, 6, 7 ], [ 4, 6, 8 ], [ 5, 9, 10 ], 
  [ 3, 9, 11 ], [ 12, 13, 14 ], [ 8, 12, 15 ], [ 7, 13, 15 ], 
  [ 14, 16, 17 ], [ 10, 16, 18 ], [ 11, 17, 18 ] ])
SimplicialSurfaceByDownwardsIncidence([ [ 1, 2 ], [ 1, 3 ], [ 2, 3 ], [ 1, 4 ], [ 2, 4 ], [ 1, 5 ], [ 3, 5 ], 
  [ 4, 5 ], [ 3, 4 ], [ 2, 3 ], [ 2, 4 ], [ 3, 5 ], [ 4, 5 ], [ 3, 4 ], 
  [ 3, 4 ], [ 3, 6 ], [ 4, 6 ], [ 2, 6 ] ],[ [ 1, 2, 3 ], [ 1, 4, 5 ], [ 2, 6, 7 ], [ 4, 6, 8 ], [ 5, 9, 10 ], 
  [ 3, 9, 11 ], [ 12, 13, 14 ], [ 8, 12, 15 ], [ 7, 13, 15 ], 
  [ 14, 16, 17 ], [ 10, 16, 18 ], [ 11, 17, 18 ] ])
SimplicialSurfaceByDownwardsIncidence([ [ 1, 2 ], [ 1, 3 ], [ 2, 3 ], [ 2, 3 ], [ 1, 3 ], [ 3, 4 ], [ 1, 4 ], 
  [ 2, 4 ], [ 3, 5 ], [ 1, 5 ], [ 2, 5 ], [ 1, 4 ], [ 2, 4 ], [ 1, 2 ], 
  [ 1, 2 ], [ 1, 6 ], [ 2, 6 ], [ 5, 6 ] ],[ [ 1, 2, 3 ], [ 1, 4, 5 ], [ 2, 6, 7 ], [ 4, 6, 8 ], [ 5, 9, 10 ], 
  [ 3, 9, 11 ], [ 12, 13, 14 ], [ 8, 12, 15 ], [ 7, 13, 15 ], 
  [ 14, 16, 17 ], [ 10, 16, 18 ], [ 11, 17, 18 ] ])
SimplicialSurfaceByDownwardsIncidence([ [ 1, 2 ], [ 1, 3 ], [ 2, 3 ], [ 1, 4 ], [ 2, 4 ], [ 3, 4 ], [ 1, 4 ], 
  [ 1, 3 ], [ 3, 4 ], [ 2, 3 ], [ 2, 4 ], [ 3, 5 ], [ 4, 5 ], [ 3, 4 ], 
  [ 1, 5 ], [ 3, 6 ], [ 4, 6 ], [ 2, 6 ] ],[ [ 1, 2, 3 ], [ 1, 4, 5 ], [ 2, 6, 7 ], [ 4, 6, 8 ], [ 5, 9, 10 ], 
  [ 3, 9, 11 ], [ 12, 13, 14 ], [ 8, 12, 15 ], [ 7, 13, 15 ], 
  [ 14, 16, 17 ], [ 10, 16, 18 ], [ 11, 17, 18 ] ])
SimplicialSurfaceByDownwardsIncidence([ [ 1, 2 ], [ 1, 3 ], [ 2, 3 ], [ 1, 4 ], [ 2, 4 ], [ 3, 4 ], [ 1, 4 ], 
  [ 1, 3 ], [ 3, 5 ], [ 2, 5 ], [ 3, 4 ], [ 4, 5 ], [ 1, 4 ], [ 1, 3 ], 
  [ 3, 4 ], [ 2, 6 ], [ 4, 6 ], [ 5, 6 ] ],[ [ 1, 2, 3 ], [ 1, 4, 5 ], [ 2, 6, 7 ], [ 4, 6, 8 ], [ 3, 9, 10 ], 
  [ 9, 11, 12 ], [ 11, 13, 14 ], [ 8, 13, 15 ], [ 7, 14, 15 ], 
  [ 5, 16, 17 ], [ 10, 16, 18 ], [ 12, 17, 18 ] ])
SimplicialSurfaceByDownwardsIncidence([ [ 1, 2 ], [ 1, 3 ], [ 2, 3 ], [ 1, 4 ], [ 2, 4 ], [ 1, 5 ], [ 3, 5 ], 
  [ 4, 5 ], [ 2, 4 ], [ 3, 4 ], [ 3, 4 ], [ 2, 3 ], [ 4, 6 ], [ 3, 6 ], 
  [ 5, 6 ], [ 2, 3 ], [ 3, 4 ], [ 2, 4 ] ],[ [ 1, 2, 3 ], [ 1, 4, 5 ], [ 2, 6, 7 ], [ 4, 6, 8 ], [ 3, 9, 10 ], 
  [ 9, 11, 12 ], [ 11, 13, 14 ], [ 8, 13, 15 ], [ 7, 14, 15 ], 
  [ 5, 16, 17 ], [ 10, 16, 18 ], [ 12, 17, 18 ] ])
SimplicialSurfaceByDownwardsIncidence([ [ 1, 2 ], [ 1, 3 ], [ 2, 3 ], [ 2, 3 ], [ 1, 3 ], [ 3, 4 ], [ 1, 4 ], 
  [ 2, 4 ], [ 1, 3 ], [ 1, 2 ], [ 1, 2 ], [ 2, 3 ], [ 2, 5 ], [ 1, 5 ], 
  [ 4, 5 ], [ 1, 6 ], [ 3, 6 ], [ 2, 6 ] ],[ [ 1, 2, 3 ], [ 1, 4, 5 ], [ 2, 6, 7 ], [ 4, 6, 8 ], [ 3, 9, 10 ], 
  [ 9, 11, 12 ], [ 11, 13, 14 ], [ 8, 13, 15 ], [ 7, 14, 15 ], 
  [ 5, 16, 17 ], [ 10, 16, 18 ], [ 12, 17, 18 ] ])
SimplicialSurfaceByDownwardsIncidence([ [ 1, 2 ], [ 1, 3 ], [ 2, 3 ], [ 2, 3 ], [ 1, 3 ], [ 1, 2 ], [ 2, 3 ], 
  [ 1, 3 ], [ 2, 4 ], [ 3, 4 ], [ 1, 2 ], [ 1, 4 ], [ 1, 5 ], [ 2, 5 ], 
  [ 3, 5 ], [ 3, 6 ], [ 1, 6 ], [ 4, 6 ] ],[ [ 1, 2, 3 ], [ 1, 4, 5 ], [ 2, 6, 7 ], [ 4, 6, 8 ], [ 3, 9, 10 ], 
  [ 9, 11, 12 ], [ 11, 13, 14 ], [ 8, 13, 15 ], [ 7, 14, 15 ], 
  [ 5, 16, 17 ], [ 10, 16, 18 ], [ 12, 17, 18 ] ])
SimplicialSurfaceByDownwardsIncidence([ [ 1, 2 ], [ 1, 3 ], [ 2, 3 ], [ 1, 4 ], [ 2, 4 ], [ 1, 5 ], [ 3, 5 ], 
  [ 4, 5 ], [ 2, 4 ], [ 3, 4 ], [ 3, 4 ], [ 2, 3 ], [ 3, 5 ], [ 4, 5 ], 
  [ 3, 4 ], [ 4, 6 ], [ 2, 6 ], [ 3, 6 ] ],[ [ 1, 2, 3 ], [ 1, 4, 5 ], [ 2, 6, 7 ], [ 4, 6, 8 ], [ 3, 9, 10 ], 
  [ 9, 11, 12 ], [ 11, 13, 14 ], [ 8, 13, 15 ], [ 7, 14, 15 ], 
  [ 5, 16, 17 ], [ 10, 16, 18 ], [ 12, 17, 18 ] ])
SimplicialSurfaceByDownwardsIncidence([ [ 1, 2 ], [ 1, 3 ], [ 2, 3 ], [ 2, 3 ], [ 1, 3 ], [ 3, 4 ], [ 1, 4 ], 
  [ 2, 4 ], [ 2, 5 ], [ 3, 5 ], [ 1, 2 ], [ 1, 5 ], [ 1, 4 ], [ 2, 4 ], 
  [ 1, 2 ], [ 3, 6 ], [ 1, 6 ], [ 5, 6 ] ],[ [ 1, 2, 3 ], [ 1, 4, 5 ], [ 2, 6, 7 ], [ 4, 6, 8 ], [ 3, 9, 10 ], 
  [ 9, 11, 12 ], [ 11, 13, 14 ], [ 8, 13, 15 ], [ 7, 14, 15 ], 
  [ 5, 16, 17 ], [ 10, 16, 18 ], [ 12, 17, 18 ] ])
SimplicialSurfaceByDownwardsIncidence([ [ 1, 2 ], [ 1, 3 ], [ 2, 3 ], [ 2, 3 ], [ 1, 3 ], [ 3, 4 ], [ 1, 4 ], 
  [ 2, 4 ], [ 2, 5 ], [ 3, 5 ], [ 1, 2 ], [ 1, 5 ], [ 2, 6 ], [ 1, 6 ], 
  [ 4, 6 ], [ 1, 5 ], [ 3, 5 ], [ 1, 3 ] ],[ [ 1, 2, 3 ], [ 1, 4, 5 ], [ 2, 6, 7 ], [ 4, 6, 8 ], [ 3, 9, 10 ], 
  [ 9, 11, 12 ], [ 11, 13, 14 ], [ 8, 13, 15 ], [ 7, 14, 15 ], 
  [ 5, 16, 17 ], [ 10, 16, 18 ], [ 12, 17, 18 ] ])
SimplicialSurfaceByDownwardsIncidence([ [ 1, 2 ], [ 1, 3 ], [ 2, 3 ], [ 1, 4 ], [ 2, 4 ], [ 3, 4 ], [ 1, 4 ], 
  [ 1, 3 ], [ 2, 4 ], [ 3, 4 ], [ 3, 4 ], [ 2, 3 ], [ 3, 5 ], [ 4, 5 ], 
  [ 1, 5 ], [ 4, 6 ], [ 2, 6 ], [ 3, 6 ] ],[ [ 1, 2, 3 ], [ 1, 4, 5 ], [ 2, 6, 7 ], [ 4, 6, 8 ], [ 3, 9, 10 ], 
  [ 9, 11, 12 ], [ 11, 13, 14 ], [ 8, 13, 15 ], [ 7, 14, 15 ], 
  [ 5, 16, 17 ], [ 10, 16, 18 ], [ 12, 17, 18 ] ])
SimplicialSurfaceByDownwardsIncidence([ [ 1, 2 ], [ 1, 3 ], [ 2, 3 ], [ 1, 4 ], [ 2, 4 ], [ 1, 5 ], [ 3, 5 ], 
  [ 4, 5 ], [ 3, 6 ], [ 2, 6 ], [ 3, 4 ], [ 4, 6 ], [ 3, 5 ], [ 4, 5 ], 
  [ 3, 4 ], [ 4, 6 ], [ 2, 6 ], [ 2, 4 ] ],[ [ 1, 2, 3 ], [ 1, 4, 5 ], [ 2, 6, 7 ], [ 4, 6, 8 ], [ 3, 9, 10 ], 
  [ 9, 11, 12 ], [ 11, 13, 14 ], [ 8, 13, 15 ], [ 7, 14, 15 ], 
  [ 5, 16, 17 ], [ 10, 16, 18 ], [ 12, 17, 18 ] ])
SimplicialSurfaceByDownwardsIncidence([ [ 1, 2 ], [ 1, 3 ], [ 2, 3 ], [ 1, 4 ], [ 2, 4 ], [ 3, 4 ], [ 1, 4 ], 
  [ 1, 3 ], [ 3, 5 ], [ 2, 5 ], [ 3, 4 ], [ 4, 5 ], [ 3, 6 ], [ 4, 6 ], 
  [ 1, 6 ], [ 4, 5 ], [ 2, 5 ], [ 2, 4 ] ],[ [ 1, 2, 3 ], [ 1, 4, 5 ], [ 2, 6, 7 ], [ 4, 6, 8 ], [ 3, 9, 10 ], 
  [ 9, 11, 12 ], [ 11, 13, 14 ], [ 8, 13, 15 ], [ 7, 14, 15 ], 
  [ 5, 16, 17 ], [ 10, 16, 18 ], [ 12, 17, 18 ] ])
SimplicialSurfaceByDownwardsIncidence([ [ 1, 2 ], [ 1, 3 ], [ 2, 3 ], [ 1, 4 ], [ 2, 4 ], [ 1, 3 ], [ 3, 4 ], 
  [ 1, 4 ], [ 3, 4 ], [ 4, 5 ], [ 2, 5 ], [ 3, 5 ], [ 3, 4 ], [ 1, 4 ], 
  [ 1, 3 ], [ 2, 6 ], [ 3, 6 ], [ 5, 6 ] ],[ [ 1, 2, 3 ], [ 1, 4, 5 ], [ 6, 7, 8 ], [ 4, 6, 9 ], [ 5, 10, 11 ], 
  [ 7, 10, 12 ], [ 2, 13, 14 ], [ 8, 13, 15 ], [ 9, 14, 15 ], 
  [ 3, 16, 17 ], [ 11, 16, 18 ], [ 12, 17, 18 ] ])
SimplicialSurfaceByDownwardsIncidence([ [ 1, 2 ], [ 1, 3 ], [ 2, 3 ], [ 2, 3 ], [ 1, 3 ], [ 2, 4 ], [ 1, 2 ], 
  [ 1, 4 ], [ 3, 4 ], [ 2, 3 ], [ 1, 2 ], [ 1, 3 ], [ 1, 5 ], [ 3, 5 ], 
  [ 4, 5 ], [ 2, 6 ], [ 3, 6 ], [ 1, 6 ] ],[ [ 1, 2, 3 ], [ 1, 4, 5 ], [ 6, 7, 8 ], [ 4, 6, 9 ], [ 5, 10, 11 ], 
  [ 7, 10, 12 ], [ 2, 13, 14 ], [ 8, 13, 15 ], [ 9, 14, 15 ], 
  [ 3, 16, 17 ], [ 11, 16, 18 ], [ 12, 17, 18 ] ])
SimplicialSurfaceByDownwardsIncidence([ [ 1, 2 ], [ 1, 3 ], [ 2, 3 ], [ 2, 3 ], [ 1, 3 ], [ 2, 4 ], [ 1, 2 ], 
  [ 1, 4 ], [ 3, 4 ], [ 1, 5 ], [ 3, 5 ], [ 2, 5 ], [ 3, 4 ], [ 1, 4 ], 
  [ 1, 3 ], [ 3, 6 ], [ 2, 6 ], [ 5, 6 ] ],[ [ 1, 2, 3 ], [ 1, 4, 5 ], [ 6, 7, 8 ], [ 4, 6, 9 ], [ 5, 10, 11 ], 
  [ 7, 10, 12 ], [ 2, 13, 14 ], [ 8, 13, 15 ], [ 9, 14, 15 ], 
  [ 3, 16, 17 ], [ 11, 16, 18 ], [ 12, 17, 18 ] ])
SimplicialSurfaceByDownwardsIncidence([ [ 1, 2 ], [ 1, 3 ], [ 2, 3 ], [ 1, 4 ], [ 2, 4 ], [ 1, 3 ], [ 3, 4 ], 
  [ 1, 4 ], [ 3, 4 ], [ 2, 3 ], [ 3, 4 ], [ 2, 4 ], [ 1, 5 ], [ 3, 5 ], 
  [ 4, 5 ], [ 3, 6 ], [ 2, 6 ], [ 4, 6 ] ],[ [ 1, 2, 3 ], [ 1, 4, 5 ], [ 6, 7, 8 ], [ 4, 6, 9 ], [ 5, 10, 11 ], 
  [ 7, 10, 12 ], [ 2, 13, 14 ], [ 8, 13, 15 ], [ 9, 14, 15 ], 
  [ 3, 16, 17 ], [ 11, 16, 18 ], [ 12, 17, 18 ] ])
SimplicialSurfaceByDownwardsIncidence([ [ 1, 2 ], [ 1, 3 ], [ 2, 3 ], [ 1, 4 ], [ 2, 4 ], [ 4, 5 ], [ 3, 4 ], 
  [ 3, 5 ], [ 1, 5 ], [ 4, 6 ], [ 2, 6 ], [ 3, 6 ], [ 1, 5 ], [ 3, 5 ], 
  [ 1, 3 ], [ 3, 6 ], [ 2, 6 ], [ 2, 3 ] ],[ [ 1, 2, 3 ], [ 1, 4, 5 ], [ 6, 7, 8 ], [ 4, 6, 9 ], [ 5, 10, 11 ], 
  [ 7, 10, 12 ], [ 2, 13, 14 ], [ 8, 13, 15 ], [ 9, 14, 15 ], 
  [ 3, 16, 17 ], [ 11, 16, 18 ], [ 12, 17, 18 ] ])
SimplicialSurfaceByDownwardsIncidence([ [ 1, 2 ], [ 1, 3 ], [ 2, 3 ], [ 1, 4 ], [ 2, 4 ], [ 4, 5 ], [ 3, 4 ], 
  [ 3, 5 ], [ 1, 5 ], [ 2, 3 ], [ 3, 4 ], [ 2, 4 ], [ 1, 5 ], [ 3, 5 ], 
  [ 1, 3 ], [ 3, 6 ], [ 2, 6 ], [ 4, 6 ] ],[ [ 1, 2, 3 ], [ 1, 4, 5 ], [ 6, 7, 8 ], [ 4, 6, 9 ], [ 5, 10, 11 ], 
  [ 7, 10, 12 ], [ 2, 13, 14 ], [ 8, 13, 15 ], [ 9, 14, 15 ], 
  [ 3, 16, 17 ], [ 11, 16, 18 ], [ 12, 17, 18 ] ])
SimplicialSurfaceByDownwardsIncidence([ [ 1, 2 ], [ 1, 3 ], [ 2, 3 ], [ 2, 4 ], [ 1, 4 ], [ 2, 3 ], [ 3, 4 ], 
  [ 2, 4 ], [ 3, 4 ], [ 3, 5 ], [ 1, 5 ], [ 4, 5 ], [ 3, 4 ], [ 2, 4 ], 
  [ 2, 3 ], [ 1, 6 ], [ 4, 6 ], [ 5, 6 ] ],[ [ 1, 2, 3 ], [ 1, 4, 5 ], [ 6, 7, 8 ], [ 4, 6, 9 ], [ 2, 10, 11 ], 
  [ 7, 10, 12 ], [ 3, 13, 14 ], [ 8, 13, 15 ], [ 9, 14, 15 ], 
  [ 5, 16, 17 ], [ 11, 16, 18 ], [ 12, 17, 18 ] ])
SimplicialSurfaceByDownwardsIncidence([ [ 1, 2 ], [ 1, 3 ], [ 2, 3 ], [ 1, 3 ], [ 2, 3 ], [ 1, 4 ], [ 1, 2 ], 
  [ 2, 4 ], [ 3, 4 ], [ 2, 3 ], [ 1, 2 ], [ 1, 3 ], [ 2, 5 ], [ 3, 5 ], 
  [ 4, 5 ], [ 2, 6 ], [ 3, 6 ], [ 1, 6 ] ],[ [ 1, 2, 3 ], [ 1, 4, 5 ], [ 6, 7, 8 ], [ 4, 6, 9 ], [ 2, 10, 11 ], 
  [ 7, 10, 12 ], [ 3, 13, 14 ], [ 8, 13, 15 ], [ 9, 14, 15 ], 
  [ 5, 16, 17 ], [ 11, 16, 18 ], [ 12, 17, 18 ] ])
SimplicialSurfaceByDownwardsIncidence([ [ 1, 2 ], [ 1, 3 ], [ 2, 3 ], [ 1, 3 ], [ 2, 3 ], [ 1, 4 ], [ 1, 2 ], 
  [ 2, 4 ], [ 3, 4 ], [ 1, 5 ], [ 3, 5 ], [ 2, 5 ], [ 3, 4 ], [ 2, 4 ], 
  [ 2, 3 ], [ 3, 6 ], [ 2, 6 ], [ 5, 6 ] ],[ [ 1, 2, 3 ], [ 1, 4, 5 ], [ 6, 7, 8 ], [ 4, 6, 9 ], [ 2, 10, 11 ], 
  [ 7, 10, 12 ], [ 3, 13, 14 ], [ 8, 13, 15 ], [ 9, 14, 15 ], 
  [ 5, 16, 17 ], [ 11, 16, 18 ], [ 12, 17, 18 ] ])
SimplicialSurfaceByDownwardsIncidence([ [ 1, 2 ], [ 1, 3 ], [ 2, 3 ], [ 2, 4 ], [ 1, 4 ], [ 2, 3 ], [ 3, 4 ], 
  [ 2, 4 ], [ 3, 4 ], [ 1, 4 ], [ 3, 4 ], [ 1, 3 ], [ 2, 5 ], [ 3, 5 ], 
  [ 4, 5 ], [ 4, 6 ], [ 1, 6 ], [ 3, 6 ] ],[ [ 1, 2, 3 ], [ 1, 4, 5 ], [ 6, 7, 8 ], [ 4, 6, 9 ], [ 2, 10, 11 ], 
  [ 7, 10, 12 ], [ 3, 13, 14 ], [ 8, 13, 15 ], [ 9, 14, 15 ], 
  [ 5, 16, 17 ], [ 11, 16, 18 ], [ 12, 17, 18 ] ])
SimplicialSurfaceByDownwardsIncidence([ [ 1, 2 ], [ 1, 3 ], [ 2, 3 ], [ 2, 4 ], [ 1, 4 ], [ 4, 5 ], [ 3, 4 ], 
  [ 3, 5 ], [ 2, 5 ], [ 3, 6 ], [ 1, 6 ], [ 4, 6 ], [ 2, 5 ], [ 3, 5 ], 
  [ 2, 3 ], [ 4, 6 ], [ 1, 6 ], [ 1, 4 ] ],[ [ 1, 2, 3 ], [ 1, 4, 5 ], [ 6, 7, 8 ], [ 4, 6, 9 ], [ 2, 10, 11 ], 
  [ 7, 10, 12 ], [ 3, 13, 14 ], [ 8, 13, 15 ], [ 9, 14, 15 ], 
  [ 5, 16, 17 ], [ 11, 16, 18 ], [ 12, 17, 18 ] ])
SimplicialSurfaceByDownwardsIncidence([ [ 1, 2 ], [ 1, 3 ], [ 2, 3 ], [ 2, 4 ], [ 1, 4 ], [ 2, 3 ], [ 3, 4 ], 
  [ 2, 4 ], [ 3, 4 ], [ 3, 5 ], [ 1, 5 ], [ 4, 5 ], [ 2, 6 ], [ 3, 6 ], 
  [ 4, 6 ], [ 4, 5 ], [ 1, 5 ], [ 1, 4 ] ],[ [ 1, 2, 3 ], [ 1, 4, 5 ], [ 6, 7, 8 ], [ 4, 6, 9 ], [ 2, 10, 11 ], 
  [ 7, 10, 12 ], [ 3, 13, 14 ], [ 8, 13, 15 ], [ 9, 14, 15 ], 
  [ 5, 16, 17 ], [ 11, 16, 18 ], [ 12, 17, 18 ] ])
