p14_1:=[
SimplicialSurfaceByDownwardIncidence([ [ 1, 2 ], [ 1, 3 ], [ 2, 3 ], [ 2, 4 ], [ 1, 4 ], [ 2, 5 ], [ 2, 6 ], 
  [ 5, 6 ], [ 2, 3 ], [ 3, 5 ], [ 2, 7 ], [ 6, 7 ], [ 1, 2 ], [ 4, 7 ], 
  [ 1, 5 ], [ 1, 8 ], [ 5, 8 ], [ 1, 3 ], [ 1, 6 ], [ 6, 8 ], [ 1, 7 ] ],[ [ 1, 2, 3 ], [ 1, 4, 5 ], [ 6, 7, 8 ], [ 6, 9, 10 ], [ 7, 11, 12 ], 
  [ 2, 9, 13 ], [ 4, 11, 14 ], [ 15, 16, 17 ], [ 10, 15, 18 ], 
  [ 16, 19, 20 ], [ 12, 19, 21 ], [ 3, 13, 18 ], [ 5, 14, 21 ], 
  [ 8, 17, 20 ] ]),
SimplicialSurfaceByDownwardIncidence([ [ 1, 2 ], [ 1, 3 ], [ 2, 3 ], [ 1, 4 ], [ 2, 4 ], [ 1, 5 ], [ 1, 6 ], 
  [ 5, 6 ], [ 1, 7 ], [ 5, 7 ], [ 1, 8 ], [ 6, 8 ], [ 3, 7 ], [ 4, 8 ], 
  [ 2, 5 ], [ 5, 6 ], [ 2, 6 ], [ 2, 7 ], [ 2, 6 ], [ 2, 5 ], [ 2, 8 ] ],[ [ 1, 2, 3 ], [ 1, 4, 5 ], [ 6, 7, 8 ], [ 6, 9, 10 ], [ 7, 11, 12 ], 
  [ 2, 9, 13 ], [ 4, 11, 14 ], [ 15, 16, 17 ], [ 10, 15, 18 ], 
  [ 16, 19, 20 ], [ 12, 19, 21 ], [ 3, 13, 18 ], [ 5, 14, 21 ], 
  [ 8, 17, 20 ] ]),
SimplicialSurfaceByDownwardIncidence([ [ 1, 2 ], [ 1, 3 ], [ 2, 3 ], [ 2, 4 ], [ 1, 4 ], [ 2, 5 ], [ 2, 6 ], 
  [ 5, 6 ], [ 1, 5 ], [ 1, 2 ], [ 2, 7 ], [ 6, 7 ], [ 3, 5 ], [ 4, 7 ], 
  [ 1, 5 ], [ 1, 8 ], [ 5, 8 ], [ 2, 5 ], [ 1, 6 ], [ 6, 8 ], [ 1, 7 ] ],[ [ 1, 2, 3 ], [ 1, 4, 5 ], [ 6, 7, 8 ], [ 6, 9, 10 ], [ 7, 11, 12 ], 
  [ 2, 9, 13 ], [ 4, 11, 14 ], [ 15, 16, 17 ], [ 10, 15, 18 ], 
  [ 16, 19, 20 ], [ 12, 19, 21 ], [ 3, 13, 18 ], [ 5, 14, 21 ], 
  [ 8, 17, 20 ] ]),
SimplicialSurfaceByDownwardIncidence([ [ 1, 2 ], [ 1, 3 ], [ 2, 3 ], [ 2, 4 ], [ 1, 4 ], [ 1, 5 ], [ 2, 5 ], 
  [ 1, 2 ], [ 1, 6 ], [ 5, 6 ], [ 2, 7 ], [ 5, 7 ], [ 3, 6 ], [ 4, 7 ], 
  [ 2, 5 ], [ 5, 8 ], [ 2, 8 ], [ 2, 6 ], [ 1, 5 ], [ 1, 8 ], [ 1, 7 ] ],[ [ 1, 2, 3 ], [ 1, 4, 5 ], [ 6, 7, 8 ], [ 6, 9, 10 ], [ 7, 11, 12 ], 
  [ 2, 9, 13 ], [ 4, 11, 14 ], [ 15, 16, 17 ], [ 10, 15, 18 ], 
  [ 16, 19, 20 ], [ 12, 19, 21 ], [ 3, 13, 18 ], [ 5, 14, 21 ], 
  [ 8, 17, 20 ] ]),
SimplicialSurfaceByDownwardIncidence([ [ 1, 2 ], [ 1, 3 ], [ 2, 3 ], [ 2, 4 ], [ 1, 4 ], [ 2, 5 ], [ 2, 3 ], 
  [ 3, 5 ], [ 2, 6 ], [ 5, 6 ], [ 1, 2 ], [ 2, 7 ], [ 6, 7 ], [ 4, 7 ], 
  [ 1, 5 ], [ 1, 8 ], [ 5, 8 ], [ 1, 6 ], [ 1, 3 ], [ 3, 8 ], [ 1, 7 ] ],[ [ 1, 2, 3 ], [ 1, 4, 5 ], [ 6, 7, 8 ], [ 6, 9, 10 ], [ 2, 7, 11 ], 
  [ 9, 12, 13 ], [ 4, 12, 14 ], [ 15, 16, 17 ], [ 10, 15, 18 ], 
  [ 16, 19, 20 ], [ 3, 11, 19 ], [ 13, 18, 21 ], [ 5, 14, 21 ], 
  [ 8, 17, 20 ] ]),
SimplicialSurfaceByDownwardIncidence([ [ 1, 2 ], [ 1, 3 ], [ 2, 3 ], [ 2, 4 ], [ 1, 4 ], [ 1, 5 ], [ 1, 6 ], 
  [ 5, 6 ], [ 1, 7 ], [ 5, 7 ], [ 3, 6 ], [ 1, 4 ], [ 4, 7 ], [ 1, 2 ], 
  [ 2, 5 ], [ 2, 8 ], [ 5, 8 ], [ 2, 7 ], [ 2, 6 ], [ 6, 8 ], [ 2, 4 ] ],[ [ 1, 2, 3 ], [ 1, 4, 5 ], [ 6, 7, 8 ], [ 6, 9, 10 ], [ 2, 7, 11 ], 
  [ 9, 12, 13 ], [ 4, 12, 14 ], [ 15, 16, 17 ], [ 10, 15, 18 ], 
  [ 16, 19, 20 ], [ 3, 11, 19 ], [ 13, 18, 21 ], [ 5, 14, 21 ], 
  [ 8, 17, 20 ] ]),
SimplicialSurfaceByDownwardIncidence([ [ 1, 2 ], [ 1, 3 ], [ 2, 3 ], [ 1, 4 ], [ 2, 4 ], [ 1, 5 ], [ 1, 6 ], 
  [ 5, 6 ], [ 1, 7 ], [ 5, 7 ], [ 3, 6 ], [ 1, 8 ], [ 7, 8 ], [ 4, 8 ], 
  [ 2, 5 ], [ 5, 6 ], [ 2, 6 ], [ 2, 7 ], [ 2, 6 ], [ 2, 5 ], [ 2, 8 ] ],[ [ 1, 2, 3 ], [ 1, 4, 5 ], [ 6, 7, 8 ], [ 6, 9, 10 ], [ 2, 7, 11 ], 
  [ 9, 12, 13 ], [ 4, 12, 14 ], [ 15, 16, 17 ], [ 10, 15, 18 ], 
  [ 16, 19, 20 ], [ 3, 11, 19 ], [ 13, 18, 21 ], [ 5, 14, 21 ], 
  [ 8, 17, 20 ] ]),
SimplicialSurfaceByDownwardIncidence([ [ 1, 2 ], [ 1, 3 ], [ 2, 3 ], [ 2, 4 ], [ 1, 4 ], [ 1, 5 ], [ 1, 6 ], 
  [ 5, 6 ], [ 1, 7 ], [ 5, 7 ], [ 3, 6 ], [ 2, 7 ], [ 1, 2 ], [ 4, 7 ], 
  [ 2, 5 ], [ 2, 8 ], [ 5, 8 ], [ 2, 7 ], [ 2, 6 ], [ 6, 8 ], [ 1, 7 ] ],[ [ 1, 2, 3 ], [ 1, 4, 5 ], [ 6, 7, 8 ], [ 6, 9, 10 ], [ 2, 7, 11 ], 
  [ 9, 12, 13 ], [ 4, 12, 14 ], [ 15, 16, 17 ], [ 10, 15, 18 ], 
  [ 16, 19, 20 ], [ 3, 11, 19 ], [ 13, 18, 21 ], [ 5, 14, 21 ], 
  [ 8, 17, 20 ] ]),
SimplicialSurfaceByDownwardIncidence([ [ 1, 2 ], [ 1, 3 ], [ 2, 3 ], [ 2, 4 ], [ 1, 4 ], [ 2, 5 ], [ 1, 5 ], 
  [ 1, 2 ], [ 2, 6 ], [ 5, 6 ], [ 3, 5 ], [ 2, 7 ], [ 6, 7 ], [ 4, 7 ], 
  [ 1, 5 ], [ 5, 8 ], [ 1, 8 ], [ 1, 6 ], [ 2, 5 ], [ 2, 8 ], [ 1, 7 ] ],[ [ 1, 2, 3 ], [ 1, 4, 5 ], [ 6, 7, 8 ], [ 6, 9, 10 ], [ 2, 7, 11 ], 
  [ 9, 12, 13 ], [ 4, 12, 14 ], [ 15, 16, 17 ], [ 10, 15, 18 ], 
  [ 16, 19, 20 ], [ 3, 11, 19 ], [ 13, 18, 21 ], [ 5, 14, 21 ], 
  [ 8, 17, 20 ] ]),
SimplicialSurfaceByDownwardIncidence([ [ 1, 2 ], [ 1, 3 ], [ 2, 3 ], [ 2, 4 ], [ 1, 4 ], [ 1, 5 ], [ 1, 6 ], 
  [ 5, 6 ], [ 2, 5 ], [ 1, 2 ], [ 3, 6 ], [ 2, 7 ], [ 5, 7 ], [ 4, 7 ], 
  [ 2, 5 ], [ 2, 8 ], [ 5, 8 ], [ 1, 5 ], [ 2, 6 ], [ 6, 8 ], [ 1, 7 ] ],[ [ 1, 2, 3 ], [ 1, 4, 5 ], [ 6, 7, 8 ], [ 6, 9, 10 ], [ 2, 7, 11 ], 
  [ 9, 12, 13 ], [ 4, 12, 14 ], [ 15, 16, 17 ], [ 10, 15, 18 ], 
  [ 16, 19, 20 ], [ 3, 11, 19 ], [ 13, 18, 21 ], [ 5, 14, 21 ], 
  [ 8, 17, 20 ] ]),
SimplicialSurfaceByDownwardIncidence([ [ 1, 2 ], [ 1, 3 ], [ 2, 3 ], [ 2, 4 ], [ 1, 4 ], [ 2, 5 ], [ 2, 6 ], 
  [ 5, 6 ], [ 2, 7 ], [ 5, 7 ], [ 2, 3 ], [ 1, 2 ], [ 3, 7 ], [ 4, 6 ], 
  [ 1, 5 ], [ 1, 8 ], [ 5, 8 ], [ 1, 6 ], [ 1, 3 ], [ 3, 8 ], [ 3, 5 ] ],[ [ 1, 2, 3 ], [ 1, 4, 5 ], [ 6, 7, 8 ], [ 6, 9, 10 ], [ 2, 11, 12 ], 
  [ 9, 11, 13 ], [ 4, 7, 14 ], [ 15, 16, 17 ], [ 8, 15, 18 ], 
  [ 16, 19, 20 ], [ 3, 12, 19 ], [ 5, 14, 18 ], [ 17, 20, 21 ], 
  [ 10, 13, 21 ] ]),
SimplicialSurfaceByDownwardIncidence([ [ 1, 2 ], [ 1, 3 ], [ 2, 3 ], [ 2, 4 ], [ 1, 4 ], [ 1, 5 ], [ 1, 4 ], 
  [ 4, 5 ], [ 1, 6 ], [ 5, 6 ], [ 1, 7 ], [ 3, 7 ], [ 6, 7 ], [ 1, 2 ], 
  [ 2, 5 ], [ 2, 8 ], [ 5, 8 ], [ 2, 4 ], [ 2, 7 ], [ 7, 8 ], [ 5, 7 ] ],[ [ 1, 2, 3 ], [ 1, 4, 5 ], [ 6, 7, 8 ], [ 6, 9, 10 ], [ 2, 11, 12 ], 
  [ 9, 11, 13 ], [ 4, 7, 14 ], [ 15, 16, 17 ], [ 8, 15, 18 ], 
  [ 16, 19, 20 ], [ 3, 12, 19 ], [ 5, 14, 18 ], [ 17, 20, 21 ], 
  [ 10, 13, 21 ] ]),
SimplicialSurfaceByDownwardIncidence([ [ 1, 2 ], [ 1, 3 ], [ 2, 3 ], [ 1, 4 ], [ 2, 4 ], [ 1, 5 ], [ 1, 6 ], 
  [ 5, 6 ], [ 5, 7 ], [ 1, 7 ], [ 1, 7 ], [ 3, 7 ], [ 1, 5 ], [ 4, 6 ], 
  [ 2, 5 ], [ 2, 8 ], [ 5, 8 ], [ 2, 6 ], [ 2, 7 ], [ 7, 8 ], [ 5, 7 ] ],[ [ 1, 2, 3 ], [ 1, 4, 5 ], [ 6, 7, 8 ], [ 6, 9, 10 ], [ 2, 11, 12 ], 
  [ 9, 11, 13 ], [ 4, 7, 14 ], [ 15, 16, 17 ], [ 8, 15, 18 ], 
  [ 16, 19, 20 ], [ 3, 12, 19 ], [ 5, 14, 18 ], [ 17, 20, 21 ], 
  [ 10, 13, 21 ] ]),
SimplicialSurfaceByDownwardIncidence([ [ 1, 2 ], [ 1, 3 ], [ 2, 3 ], [ 2, 4 ], [ 1, 4 ], [ 2, 5 ], [ 2, 6 ], 
  [ 5, 6 ], [ 5, 7 ], [ 2, 7 ], [ 1, 5 ], [ 3, 5 ], [ 1, 7 ], [ 4, 6 ], 
  [ 1, 5 ], [ 5, 8 ], [ 1, 8 ], [ 1, 6 ], [ 2, 5 ], [ 2, 8 ], [ 1, 2 ] ],[ [ 1, 2, 3 ], [ 1, 4, 5 ], [ 6, 7, 8 ], [ 6, 9, 10 ], [ 2, 11, 12 ], 
  [ 9, 11, 13 ], [ 4, 7, 14 ], [ 15, 16, 17 ], [ 8, 15, 18 ], 
  [ 16, 19, 20 ], [ 3, 12, 19 ], [ 5, 14, 18 ], [ 17, 20, 21 ], 
  [ 10, 13, 21 ] ]),
SimplicialSurfaceByDownwardIncidence([ [ 1, 2 ], [ 1, 3 ], [ 2, 3 ], [ 2, 4 ], [ 1, 4 ], [ 1, 5 ], [ 2, 5 ], 
  [ 1, 2 ], [ 1, 6 ], [ 5, 6 ], [ 1, 7 ], [ 3, 7 ], [ 6, 7 ], [ 4, 5 ], 
  [ 2, 5 ], [ 2, 8 ], [ 5, 8 ], [ 1, 5 ], [ 2, 7 ], [ 7, 8 ], [ 5, 7 ] ],[ [ 1, 2, 3 ], [ 1, 4, 5 ], [ 6, 7, 8 ], [ 6, 9, 10 ], [ 2, 11, 12 ], 
  [ 9, 11, 13 ], [ 4, 7, 14 ], [ 15, 16, 17 ], [ 8, 15, 18 ], 
  [ 16, 19, 20 ], [ 3, 12, 19 ], [ 5, 14, 18 ], [ 17, 20, 21 ], 
  [ 10, 13, 21 ] ]),
SimplicialSurfaceByDownwardIncidence([ [ 1, 2 ], [ 1, 3 ], [ 2, 3 ], [ 2, 4 ], [ 1, 4 ], [ 2, 5 ], [ 2, 3 ], 
  [ 3, 5 ], [ 2, 6 ], [ 5, 6 ], [ 1, 2 ], [ 2, 7 ], [ 4, 7 ], [ 6, 7 ], 
  [ 1, 5 ], [ 1, 8 ], [ 5, 8 ], [ 1, 7 ], [ 5, 7 ], [ 1, 3 ], [ 3, 8 ] ],[ [ 1, 2, 3 ], [ 1, 4, 5 ], [ 6, 7, 8 ], [ 6, 9, 10 ], [ 2, 7, 11 ], 
  [ 4, 12, 13 ], [ 9, 12, 14 ], [ 15, 16, 17 ], [ 15, 18, 19 ], 
  [ 16, 20, 21 ], [ 3, 11, 20 ], [ 5, 13, 18 ], [ 8, 17, 21 ], 
  [ 10, 14, 19 ] ]),
SimplicialSurfaceByDownwardIncidence([ [ 1, 2 ], [ 1, 3 ], [ 2, 3 ], [ 1, 4 ], [ 2, 4 ], [ 1, 5 ], [ 1, 6 ], 
  [ 5, 6 ], [ 5, 7 ], [ 1, 7 ], [ 3, 6 ], [ 1, 7 ], [ 4, 7 ], [ 1, 5 ], 
  [ 2, 5 ], [ 2, 8 ], [ 5, 8 ], [ 2, 7 ], [ 5, 7 ], [ 2, 6 ], [ 6, 8 ] ],[ [ 1, 2, 3 ], [ 1, 4, 5 ], [ 6, 7, 8 ], [ 6, 9, 10 ], [ 2, 7, 11 ], 
  [ 4, 12, 13 ], [ 9, 12, 14 ], [ 15, 16, 17 ], [ 15, 18, 19 ], 
  [ 16, 20, 21 ], [ 3, 11, 20 ], [ 5, 13, 18 ], [ 8, 17, 21 ], 
  [ 10, 14, 19 ] ]),
SimplicialSurfaceByDownwardIncidence([ [ 1, 2 ], [ 1, 3 ], [ 2, 3 ], [ 2, 4 ], [ 1, 4 ], [ 1, 5 ], [ 1, 6 ], 
  [ 5, 6 ], [ 5, 7 ], [ 1, 7 ], [ 3, 6 ], [ 2, 5 ], [ 4, 5 ], [ 2, 7 ], 
  [ 2, 5 ], [ 2, 8 ], [ 5, 8 ], [ 1, 5 ], [ 1, 2 ], [ 2, 6 ], [ 6, 8 ] ],[ [ 1, 2, 3 ], [ 1, 4, 5 ], [ 6, 7, 8 ], [ 6, 9, 10 ], [ 2, 7, 11 ], 
  [ 4, 12, 13 ], [ 9, 12, 14 ], [ 15, 16, 17 ], [ 15, 18, 19 ], 
  [ 16, 20, 21 ], [ 3, 11, 20 ], [ 5, 13, 18 ], [ 8, 17, 21 ], 
  [ 10, 14, 19 ] ]),
SimplicialSurfaceByDownwardIncidence([ [ 1, 2 ], [ 1, 3 ], [ 2, 3 ], [ 2, 4 ], [ 1, 4 ], [ 1, 5 ], [ 1, 6 ], 
  [ 5, 6 ], [ 1, 4 ], [ 4, 5 ], [ 1, 7 ], [ 6, 7 ], [ 1, 2 ], [ 3, 7 ], 
  [ 2, 5 ], [ 2, 8 ], [ 5, 8 ], [ 2, 4 ], [ 2, 6 ], [ 6, 8 ], [ 3, 6 ] ],[ [ 1, 2, 3 ], [ 1, 4, 5 ], [ 6, 7, 8 ], [ 6, 9, 10 ], [ 7, 11, 12 ], 
  [ 4, 9, 13 ], [ 2, 11, 14 ], [ 15, 16, 17 ], [ 10, 15, 18 ], 
  [ 16, 19, 20 ], [ 3, 19, 21 ], [ 5, 13, 18 ], [ 8, 17, 20 ], 
  [ 12, 14, 21 ] ]),
SimplicialSurfaceByDownwardIncidence([ [ 1, 2 ], [ 1, 3 ], [ 2, 3 ], [ 1, 4 ], [ 2, 4 ], [ 1, 5 ], [ 1, 6 ], 
  [ 5, 6 ], [ 1, 7 ], [ 5, 7 ], [ 3, 6 ], [ 1, 3 ], [ 4, 7 ], [ 1, 6 ], 
  [ 2, 5 ], [ 2, 8 ], [ 5, 8 ], [ 2, 7 ], [ 2, 6 ], [ 6, 8 ], [ 3, 6 ] ],[ [ 1, 2, 3 ], [ 1, 4, 5 ], [ 6, 7, 8 ], [ 6, 9, 10 ], [ 7, 11, 12 ], 
  [ 4, 9, 13 ], [ 2, 11, 14 ], [ 15, 16, 17 ], [ 10, 15, 18 ], 
  [ 16, 19, 20 ], [ 3, 19, 21 ], [ 5, 13, 18 ], [ 8, 17, 20 ], 
  [ 12, 14, 21 ] ]),
SimplicialSurfaceByDownwardIncidence([ [ 1, 2 ], [ 1, 3 ], [ 2, 3 ], [ 1, 4 ], [ 2, 4 ], [ 1, 5 ], [ 1, 6 ], 
  [ 5, 6 ], [ 1, 7 ], [ 5, 7 ], [ 1, 8 ], [ 6, 8 ], [ 4, 7 ], [ 3, 8 ], 
  [ 2, 5 ], [ 5, 6 ], [ 2, 6 ], [ 2, 7 ], [ 2, 6 ], [ 2, 5 ], [ 3, 6 ] ],[ [ 1, 2, 3 ], [ 1, 4, 5 ], [ 6, 7, 8 ], [ 6, 9, 10 ], [ 7, 11, 12 ], 
  [ 4, 9, 13 ], [ 2, 11, 14 ], [ 15, 16, 17 ], [ 10, 15, 18 ], 
  [ 16, 19, 20 ], [ 3, 19, 21 ], [ 5, 13, 18 ], [ 8, 17, 20 ], 
  [ 12, 14, 21 ] ]),
SimplicialSurfaceByDownwardIncidence([ [ 1, 2 ], [ 1, 3 ], [ 2, 3 ], [ 2, 4 ], [ 1, 4 ], [ 1, 5 ], [ 1, 6 ], 
  [ 5, 6 ], [ 2, 5 ], [ 1, 2 ], [ 1, 7 ], [ 6, 7 ], [ 4, 5 ], [ 3, 7 ], 
  [ 2, 5 ], [ 2, 8 ], [ 5, 8 ], [ 1, 5 ], [ 2, 6 ], [ 6, 8 ], [ 3, 6 ] ],[ [ 1, 2, 3 ], [ 1, 4, 5 ], [ 6, 7, 8 ], [ 6, 9, 10 ], [ 7, 11, 12 ], 
  [ 4, 9, 13 ], [ 2, 11, 14 ], [ 15, 16, 17 ], [ 10, 15, 18 ], 
  [ 16, 19, 20 ], [ 3, 19, 21 ], [ 5, 13, 18 ], [ 8, 17, 20 ], 
  [ 12, 14, 21 ] ]),
SimplicialSurfaceByDownwardIncidence([ [ 1, 2 ], [ 1, 3 ], [ 2, 3 ], [ 2, 4 ], [ 1, 4 ], [ 2, 5 ], [ 1, 5 ], 
  [ 1, 2 ], [ 2, 6 ], [ 5, 6 ], [ 1, 7 ], [ 5, 7 ], [ 4, 6 ], [ 3, 7 ], 
  [ 1, 5 ], [ 5, 8 ], [ 1, 8 ], [ 1, 6 ], [ 2, 5 ], [ 2, 8 ], [ 3, 5 ] ],[ [ 1, 2, 3 ], [ 1, 4, 5 ], [ 6, 7, 8 ], [ 6, 9, 10 ], [ 7, 11, 12 ], 
  [ 4, 9, 13 ], [ 2, 11, 14 ], [ 15, 16, 17 ], [ 10, 15, 18 ], 
  [ 16, 19, 20 ], [ 3, 19, 21 ], [ 5, 13, 18 ], [ 8, 17, 20 ], 
  [ 12, 14, 21 ] ]),
SimplicialSurfaceByDownwardIncidence([ [ 1, 2 ], [ 1, 3 ], [ 2, 3 ], [ 2, 4 ], [ 1, 4 ], [ 2, 5 ], [ 2, 3 ], 
  [ 3, 5 ], [ 2, 6 ], [ 5, 6 ], [ 3, 7 ], [ 2, 7 ], [ 4, 6 ], [ 1, 7 ], 
  [ 1, 5 ], [ 1, 8 ], [ 5, 8 ], [ 1, 6 ], [ 1, 3 ], [ 3, 8 ], [ 1, 2 ] ],[ [ 1, 2, 3 ], [ 1, 4, 5 ], [ 6, 7, 8 ], [ 6, 9, 10 ], [ 7, 11, 12 ], 
  [ 4, 9, 13 ], [ 2, 11, 14 ], [ 15, 16, 17 ], [ 10, 15, 18 ], 
  [ 16, 19, 20 ], [ 3, 19, 21 ], [ 5, 13, 18 ], [ 8, 17, 20 ], 
  [ 12, 14, 21 ] ]),
SimplicialSurfaceByDownwardIncidence([ [ 1, 2 ], [ 1, 3 ], [ 2, 3 ], [ 2, 4 ], [ 1, 4 ], [ 2, 5 ], [ 2, 3 ], 
  [ 3, 5 ], [ 2, 6 ], [ 5, 6 ], [ 1, 2 ], [ 2, 7 ], [ 6, 7 ], [ 4, 7 ], 
  [ 1, 5 ], [ 1, 8 ], [ 5, 8 ], [ 1, 6 ], [ 1, 3 ], [ 3, 8 ], [ 4, 6 ] ],[ [ 1, 2, 3 ], [ 1, 4, 5 ], [ 6, 7, 8 ], [ 6, 9, 10 ], [ 2, 7, 11 ], 
  [ 9, 12, 13 ], [ 4, 12, 14 ], [ 15, 16, 17 ], [ 10, 15, 18 ], 
  [ 16, 19, 20 ], [ 3, 11, 19 ], [ 5, 18, 21 ], [ 8, 17, 20 ], 
  [ 13, 14, 21 ] ]),
SimplicialSurfaceByDownwardIncidence([ [ 1, 2 ], [ 1, 3 ], [ 2, 3 ], [ 1, 4 ], [ 2, 4 ], [ 1, 5 ], [ 1, 6 ], 
  [ 5, 6 ], [ 1, 7 ], [ 5, 7 ], [ 3, 6 ], [ 4, 7 ], [ 1, 4 ], [ 1, 7 ], 
  [ 2, 5 ], [ 2, 8 ], [ 5, 8 ], [ 2, 7 ], [ 2, 6 ], [ 6, 8 ], [ 4, 7 ] ],[ [ 1, 2, 3 ], [ 1, 4, 5 ], [ 6, 7, 8 ], [ 6, 9, 10 ], [ 2, 7, 11 ], 
  [ 9, 12, 13 ], [ 4, 12, 14 ], [ 15, 16, 17 ], [ 10, 15, 18 ], 
  [ 16, 19, 20 ], [ 3, 11, 19 ], [ 5, 18, 21 ], [ 8, 17, 20 ], 
  [ 13, 14, 21 ] ]),
SimplicialSurfaceByDownwardIncidence([ [ 1, 2 ], [ 1, 3 ], [ 2, 3 ], [ 1, 4 ], [ 2, 4 ], [ 1, 5 ], [ 1, 6 ], 
  [ 5, 6 ], [ 1, 7 ], [ 5, 7 ], [ 3, 6 ], [ 1, 8 ], [ 7, 8 ], [ 4, 8 ], 
  [ 2, 5 ], [ 5, 6 ], [ 2, 6 ], [ 2, 7 ], [ 2, 6 ], [ 2, 5 ], [ 4, 7 ] ],[ [ 1, 2, 3 ], [ 1, 4, 5 ], [ 6, 7, 8 ], [ 6, 9, 10 ], [ 2, 7, 11 ], 
  [ 9, 12, 13 ], [ 4, 12, 14 ], [ 15, 16, 17 ], [ 10, 15, 18 ], 
  [ 16, 19, 20 ], [ 3, 11, 19 ], [ 5, 18, 21 ], [ 8, 17, 20 ], 
  [ 13, 14, 21 ] ]),
SimplicialSurfaceByDownwardIncidence([ [ 1, 2 ], [ 1, 3 ], [ 2, 3 ], [ 2, 4 ], [ 1, 4 ], [ 2, 5 ], [ 1, 5 ], 
  [ 1, 2 ], [ 2, 6 ], [ 5, 6 ], [ 3, 5 ], [ 2, 7 ], [ 6, 7 ], [ 4, 7 ], 
  [ 1, 5 ], [ 5, 8 ], [ 1, 8 ], [ 1, 6 ], [ 2, 5 ], [ 2, 8 ], [ 4, 6 ] ],[ [ 1, 2, 3 ], [ 1, 4, 5 ], [ 6, 7, 8 ], [ 6, 9, 10 ], [ 2, 7, 11 ], 
  [ 9, 12, 13 ], [ 4, 12, 14 ], [ 15, 16, 17 ], [ 10, 15, 18 ], 
  [ 16, 19, 20 ], [ 3, 11, 19 ], [ 5, 18, 21 ], [ 8, 17, 20 ], 
  [ 13, 14, 21 ] ]),
SimplicialSurfaceByDownwardIncidence([ [ 1, 2 ], [ 1, 3 ], [ 2, 3 ], [ 2, 4 ], [ 1, 4 ], [ 1, 5 ], [ 1, 6 ], 
  [ 5, 6 ], [ 2, 5 ], [ 1, 2 ], [ 3, 6 ], [ 2, 7 ], [ 5, 7 ], [ 4, 7 ], 
  [ 2, 5 ], [ 2, 8 ], [ 5, 8 ], [ 1, 5 ], [ 2, 6 ], [ 6, 8 ], [ 4, 5 ] ],[ [ 1, 2, 3 ], [ 1, 4, 5 ], [ 6, 7, 8 ], [ 6, 9, 10 ], [ 2, 7, 11 ], 
  [ 9, 12, 13 ], [ 4, 12, 14 ], [ 15, 16, 17 ], [ 10, 15, 18 ], 
  [ 16, 19, 20 ], [ 3, 11, 19 ], [ 5, 18, 21 ], [ 8, 17, 20 ], 
  [ 13, 14, 21 ] ]),
SimplicialSurfaceByDownwardIncidence([ [ 1, 2 ], [ 1, 3 ], [ 2, 3 ], [ 2, 4 ], [ 1, 4 ], [ 1, 5 ], [ 1, 6 ], 
  [ 5, 6 ], [ 1, 4 ], [ 4, 5 ], [ 3, 6 ], [ 4, 7 ], [ 1, 7 ], [ 2, 7 ], 
  [ 2, 5 ], [ 2, 8 ], [ 5, 8 ], [ 2, 4 ], [ 2, 6 ], [ 6, 8 ], [ 1, 2 ] ],[ [ 1, 2, 3 ], [ 1, 4, 5 ], [ 6, 7, 8 ], [ 6, 9, 10 ], [ 2, 7, 11 ], 
  [ 9, 12, 13 ], [ 4, 12, 14 ], [ 15, 16, 17 ], [ 10, 15, 18 ], 
  [ 16, 19, 20 ], [ 3, 11, 19 ], [ 5, 18, 21 ], [ 8, 17, 20 ], 
  [ 13, 14, 21 ] ]),
SimplicialSurfaceByDownwardIncidence([ [ 1, 2 ], [ 1, 3 ], [ 2, 3 ], [ 2, 4 ], [ 1, 4 ], [ 2, 5 ], [ 2, 3 ], 
  [ 3, 5 ], [ 2, 6 ], [ 5, 6 ], [ 1, 2 ], [ 4, 6 ], [ 1, 5 ], [ 1, 6 ], 
  [ 1, 7 ], [ 5, 7 ], [ 1, 3 ], [ 1, 8 ], [ 3, 8 ], [ 7, 8 ], [ 5, 8 ] ],[ [ 1, 2, 3 ], [ 1, 4, 5 ], [ 6, 7, 8 ], [ 6, 9, 10 ], [ 2, 7, 11 ], 
  [ 4, 9, 12 ], [ 10, 13, 14 ], [ 13, 15, 16 ], [ 17, 18, 19 ], 
  [ 3, 11, 17 ], [ 15, 18, 20 ], [ 5, 12, 14 ], [ 8, 19, 21 ], 
  [ 16, 20, 21 ] ]),
SimplicialSurfaceByDownwardIncidence([ [ 1, 2 ], [ 1, 3 ], [ 2, 3 ], [ 2, 4 ], [ 1, 4 ], [ 1, 5 ], [ 1, 6 ], 
  [ 5, 6 ], [ 1, 4 ], [ 4, 5 ], [ 3, 6 ], [ 1, 2 ], [ 2, 5 ], [ 2, 4 ], 
  [ 2, 7 ], [ 5, 7 ], [ 2, 6 ], [ 2, 8 ], [ 6, 8 ], [ 7, 8 ], [ 5, 8 ] ],[ [ 1, 2, 3 ], [ 1, 4, 5 ], [ 6, 7, 8 ], [ 6, 9, 10 ], [ 2, 7, 11 ], 
  [ 4, 9, 12 ], [ 10, 13, 14 ], [ 13, 15, 16 ], [ 17, 18, 19 ], 
  [ 3, 11, 17 ], [ 15, 18, 20 ], [ 5, 12, 14 ], [ 8, 19, 21 ], 
  [ 16, 20, 21 ] ]),
SimplicialSurfaceByDownwardIncidence([ [ 1, 2 ], [ 1, 3 ], [ 2, 3 ], [ 1, 4 ], [ 2, 4 ], [ 1, 5 ], [ 1, 6 ], 
  [ 5, 6 ], [ 1, 7 ], [ 5, 7 ], [ 3, 6 ], [ 4, 7 ], [ 2, 5 ], [ 2, 7 ], 
  [ 5, 8 ], [ 2, 8 ], [ 2, 6 ], [ 2, 8 ], [ 6, 8 ], [ 2, 5 ], [ 5, 8 ] ],[ [ 1, 2, 3 ], [ 1, 4, 5 ], [ 6, 7, 8 ], [ 6, 9, 10 ], [ 2, 7, 11 ], 
  [ 4, 9, 12 ], [ 10, 13, 14 ], [ 13, 15, 16 ], [ 17, 18, 19 ], 
  [ 3, 11, 17 ], [ 15, 18, 20 ], [ 5, 12, 14 ], [ 8, 19, 21 ], 
  [ 16, 20, 21 ] ]),
SimplicialSurfaceByDownwardIncidence([ [ 1, 2 ], [ 1, 3 ], [ 2, 3 ], [ 1, 4 ], [ 2, 4 ], [ 1, 5 ], [ 1, 6 ], 
  [ 5, 6 ], [ 1, 7 ], [ 5, 7 ], [ 3, 6 ], [ 4, 7 ], [ 2, 5 ], [ 2, 7 ], 
  [ 5, 8 ], [ 2, 8 ], [ 2, 6 ], [ 5, 6 ], [ 2, 5 ], [ 6, 8 ], [ 2, 6 ] ],[ [ 1, 2, 3 ], [ 1, 4, 5 ], [ 6, 7, 8 ], [ 6, 9, 10 ], [ 2, 7, 11 ], 
  [ 4, 9, 12 ], [ 10, 13, 14 ], [ 13, 15, 16 ], [ 17, 18, 19 ], 
  [ 3, 11, 17 ], [ 15, 18, 20 ], [ 5, 12, 14 ], [ 8, 19, 21 ], 
  [ 16, 20, 21 ] ]),
SimplicialSurfaceByDownwardIncidence([ [ 1, 2 ], [ 1, 3 ], [ 2, 3 ], [ 2, 4 ], [ 1, 4 ], [ 2, 5 ], [ 1, 5 ], 
  [ 1, 2 ], [ 2, 6 ], [ 5, 6 ], [ 3, 5 ], [ 4, 6 ], [ 1, 5 ], [ 1, 6 ], 
  [ 5, 7 ], [ 1, 7 ], [ 2, 5 ], [ 5, 8 ], [ 2, 8 ], [ 7, 8 ], [ 1, 8 ] ],[ [ 1, 2, 3 ], [ 1, 4, 5 ], [ 6, 7, 8 ], [ 6, 9, 10 ], [ 2, 7, 11 ], 
  [ 4, 9, 12 ], [ 10, 13, 14 ], [ 13, 15, 16 ], [ 17, 18, 19 ], 
  [ 3, 11, 17 ], [ 15, 18, 20 ], [ 5, 12, 14 ], [ 8, 19, 21 ], 
  [ 16, 20, 21 ] ]),
SimplicialSurfaceByDownwardIncidence([ [ 1, 2 ], [ 1, 3 ], [ 2, 3 ], [ 2, 4 ], [ 1, 4 ], [ 1, 5 ], [ 1, 6 ], 
  [ 5, 6 ], [ 2, 5 ], [ 1, 2 ], [ 3, 6 ], [ 4, 5 ], [ 2, 5 ], [ 1, 5 ], 
  [ 2, 7 ], [ 5, 7 ], [ 2, 6 ], [ 2, 8 ], [ 6, 8 ], [ 7, 8 ], [ 5, 8 ] ],[ [ 1, 2, 3 ], [ 1, 4, 5 ], [ 6, 7, 8 ], [ 6, 9, 10 ], [ 2, 7, 11 ], 
  [ 4, 9, 12 ], [ 10, 13, 14 ], [ 13, 15, 16 ], [ 17, 18, 19 ], 
  [ 3, 11, 17 ], [ 15, 18, 20 ], [ 5, 12, 14 ], [ 8, 19, 21 ], 
  [ 16, 20, 21 ] ]),
SimplicialSurfaceByDownwardIncidence([ [ 1, 2 ], [ 1, 3 ], [ 2, 3 ], [ 2, 4 ], [ 1, 4 ], [ 2, 5 ], [ 2, 3 ], 
  [ 3, 5 ], [ 2, 6 ], [ 5, 6 ], [ 1, 2 ], [ 4, 6 ], [ 1, 5 ], [ 1, 7 ], 
  [ 5, 7 ], [ 1, 8 ], [ 5, 8 ], [ 1, 3 ], [ 3, 7 ], [ 1, 6 ], [ 6, 8 ] ],[ [ 1, 2, 3 ], [ 1, 4, 5 ], [ 6, 7, 8 ], [ 6, 9, 10 ], [ 2, 7, 11 ], 
  [ 4, 9, 12 ], [ 13, 14, 15 ], [ 13, 16, 17 ], [ 14, 18, 19 ], 
  [ 3, 11, 18 ], [ 5, 12, 20 ], [ 16, 20, 21 ], [ 8, 15, 19 ], 
  [ 10, 17, 21 ] ]),
SimplicialSurfaceByDownwardIncidence([ [ 1, 2 ], [ 1, 3 ], [ 2, 3 ], [ 2, 4 ], [ 1, 4 ], [ 2, 5 ], [ 1, 5 ], 
  [ 1, 2 ], [ 2, 6 ], [ 5, 6 ], [ 3, 5 ], [ 4, 6 ], [ 1, 5 ], [ 5, 7 ], 
  [ 1, 7 ], [ 1, 8 ], [ 5, 8 ], [ 2, 5 ], [ 2, 7 ], [ 1, 6 ], [ 6, 8 ] ],[ [ 1, 2, 3 ], [ 1, 4, 5 ], [ 6, 7, 8 ], [ 6, 9, 10 ], [ 2, 7, 11 ], 
  [ 4, 9, 12 ], [ 13, 14, 15 ], [ 13, 16, 17 ], [ 14, 18, 19 ], 
  [ 3, 11, 18 ], [ 5, 12, 20 ], [ 16, 20, 21 ], [ 8, 15, 19 ], 
  [ 10, 17, 21 ] ]),
SimplicialSurfaceByDownwardIncidence([ [ 1, 2 ], [ 1, 3 ], [ 2, 3 ], [ 2, 4 ], [ 1, 4 ], [ 2, 5 ], [ 2, 3 ], 
  [ 3, 5 ], [ 2, 6 ], [ 5, 6 ], [ 1, 2 ], [ 4, 6 ], [ 1, 5 ], [ 1, 7 ], 
  [ 5, 7 ], [ 1, 6 ], [ 1, 3 ], [ 1, 8 ], [ 3, 8 ], [ 7, 8 ], [ 3, 7 ] ],[ [ 1, 2, 3 ], [ 1, 4, 5 ], [ 6, 7, 8 ], [ 6, 9, 10 ], [ 2, 7, 11 ], 
  [ 4, 9, 12 ], [ 13, 14, 15 ], [ 10, 13, 16 ], [ 3, 11, 17 ], 
  [ 17, 18, 19 ], [ 14, 18, 20 ], [ 5, 12, 16 ], [ 8, 15, 21 ], 
  [ 19, 20, 21 ] ]),
SimplicialSurfaceByDownwardIncidence([ [ 1, 2 ], [ 1, 3 ], [ 2, 3 ], [ 2, 4 ], [ 1, 4 ], [ 1, 5 ], [ 1, 6 ], 
  [ 5, 6 ], [ 1, 4 ], [ 4, 5 ], [ 3, 6 ], [ 1, 2 ], [ 2, 5 ], [ 2, 7 ], 
  [ 5, 7 ], [ 2, 4 ], [ 2, 6 ], [ 2, 8 ], [ 6, 8 ], [ 7, 8 ], [ 6, 7 ] ],[ [ 1, 2, 3 ], [ 1, 4, 5 ], [ 6, 7, 8 ], [ 6, 9, 10 ], [ 2, 7, 11 ], 
  [ 4, 9, 12 ], [ 13, 14, 15 ], [ 10, 13, 16 ], [ 3, 11, 17 ], 
  [ 17, 18, 19 ], [ 14, 18, 20 ], [ 5, 12, 16 ], [ 8, 15, 21 ], 
  [ 19, 20, 21 ] ]),
SimplicialSurfaceByDownwardIncidence([ [ 1, 2 ], [ 1, 3 ], [ 2, 3 ], [ 1, 4 ], [ 2, 4 ], [ 1, 5 ], [ 1, 6 ], 
  [ 5, 6 ], [ 1, 7 ], [ 5, 7 ], [ 3, 6 ], [ 4, 7 ], [ 2, 5 ], [ 5, 6 ], 
  [ 2, 6 ], [ 2, 7 ], [ 2, 6 ], [ 6, 8 ], [ 2, 8 ], [ 5, 8 ], [ 2, 5 ] ],[ [ 1, 2, 3 ], [ 1, 4, 5 ], [ 6, 7, 8 ], [ 6, 9, 10 ], [ 2, 7, 11 ], 
  [ 4, 9, 12 ], [ 13, 14, 15 ], [ 10, 13, 16 ], [ 3, 11, 17 ], 
  [ 17, 18, 19 ], [ 14, 18, 20 ], [ 5, 12, 16 ], [ 8, 15, 21 ], 
  [ 19, 20, 21 ] ]),
SimplicialSurfaceByDownwardIncidence([ [ 1, 2 ], [ 1, 3 ], [ 2, 3 ], [ 2, 4 ], [ 1, 4 ], [ 2, 5 ], [ 1, 5 ], 
  [ 1, 2 ], [ 2, 6 ], [ 5, 6 ], [ 3, 5 ], [ 4, 6 ], [ 1, 5 ], [ 5, 7 ], 
  [ 1, 7 ], [ 1, 6 ], [ 2, 5 ], [ 5, 8 ], [ 2, 8 ], [ 7, 8 ], [ 2, 7 ] ],[ [ 1, 2, 3 ], [ 1, 4, 5 ], [ 6, 7, 8 ], [ 6, 9, 10 ], [ 2, 7, 11 ], 
  [ 4, 9, 12 ], [ 13, 14, 15 ], [ 10, 13, 16 ], [ 3, 11, 17 ], 
  [ 17, 18, 19 ], [ 14, 18, 20 ], [ 5, 12, 16 ], [ 8, 15, 21 ], 
  [ 19, 20, 21 ] ]),
SimplicialSurfaceByDownwardIncidence([ [ 1, 2 ], [ 1, 3 ], [ 2, 3 ], [ 2, 4 ], [ 1, 4 ], [ 2, 5 ], [ 2, 3 ], 
  [ 3, 5 ], [ 2, 6 ], [ 5, 6 ], [ 1, 2 ], [ 4, 6 ], [ 1, 5 ], [ 1, 7 ], 
  [ 5, 7 ], [ 1, 6 ], [ 1, 3 ], [ 3, 7 ], [ 1, 8 ], [ 6, 8 ], [ 4, 8 ] ],[ [ 1, 2, 3 ], [ 1, 4, 5 ], [ 6, 7, 8 ], [ 6, 9, 10 ], [ 2, 7, 11 ], 
  [ 4, 9, 12 ], [ 13, 14, 15 ], [ 10, 13, 16 ], [ 14, 17, 18 ], 
  [ 3, 11, 17 ], [ 16, 19, 20 ], [ 5, 19, 21 ], [ 8, 15, 18 ], 
  [ 12, 20, 21 ] ]),
SimplicialSurfaceByDownwardIncidence([ [ 1, 2 ], [ 1, 3 ], [ 2, 3 ], [ 1, 4 ], [ 2, 4 ], [ 1, 5 ], [ 1, 6 ], 
  [ 5, 6 ], [ 1, 7 ], [ 5, 7 ], [ 3, 6 ], [ 4, 7 ], [ 2, 5 ], [ 5, 6 ], 
  [ 2, 6 ], [ 2, 7 ], [ 2, 6 ], [ 2, 5 ], [ 2, 8 ], [ 7, 8 ], [ 4, 8 ] ],[ [ 1, 2, 3 ], [ 1, 4, 5 ], [ 6, 7, 8 ], [ 6, 9, 10 ], [ 2, 7, 11 ], 
  [ 4, 9, 12 ], [ 13, 14, 15 ], [ 10, 13, 16 ], [ 14, 17, 18 ], 
  [ 3, 11, 17 ], [ 16, 19, 20 ], [ 5, 19, 21 ], [ 8, 15, 18 ], 
  [ 12, 20, 21 ] ]),
SimplicialSurfaceByDownwardIncidence([ [ 1, 2 ], [ 1, 3 ], [ 2, 3 ], [ 1, 4 ], [ 2, 4 ], [ 1, 5 ], [ 1, 6 ], 
  [ 5, 6 ], [ 1, 7 ], [ 5, 7 ], [ 3, 6 ], [ 4, 7 ], [ 2, 5 ], [ 2, 8 ], 
  [ 5, 8 ], [ 2, 7 ], [ 2, 6 ], [ 6, 8 ], [ 4, 7 ], [ 2, 4 ], [ 2, 7 ] ],[ [ 1, 2, 3 ], [ 1, 4, 5 ], [ 6, 7, 8 ], [ 6, 9, 10 ], [ 2, 7, 11 ], 
  [ 4, 9, 12 ], [ 13, 14, 15 ], [ 10, 13, 16 ], [ 14, 17, 18 ], 
  [ 3, 11, 17 ], [ 16, 19, 20 ], [ 5, 19, 21 ], [ 8, 15, 18 ], 
  [ 12, 20, 21 ] ]),
SimplicialSurfaceByDownwardIncidence([ [ 1, 2 ], [ 1, 3 ], [ 2, 3 ], [ 2, 4 ], [ 1, 4 ], [ 2, 5 ], [ 1, 5 ], 
  [ 1, 2 ], [ 2, 6 ], [ 5, 6 ], [ 3, 5 ], [ 4, 6 ], [ 1, 5 ], [ 5, 7 ], 
  [ 1, 7 ], [ 1, 6 ], [ 2, 5 ], [ 2, 7 ], [ 1, 8 ], [ 6, 8 ], [ 4, 8 ] ],[ [ 1, 2, 3 ], [ 1, 4, 5 ], [ 6, 7, 8 ], [ 6, 9, 10 ], [ 2, 7, 11 ], 
  [ 4, 9, 12 ], [ 13, 14, 15 ], [ 10, 13, 16 ], [ 14, 17, 18 ], 
  [ 3, 11, 17 ], [ 16, 19, 20 ], [ 5, 19, 21 ], [ 8, 15, 18 ], 
  [ 12, 20, 21 ] ]),
SimplicialSurfaceByDownwardIncidence([ [ 1, 2 ], [ 1, 3 ], [ 2, 3 ], [ 2, 4 ], [ 1, 4 ], [ 1, 5 ], [ 1, 6 ], 
  [ 5, 6 ], [ 2, 5 ], [ 1, 2 ], [ 3, 6 ], [ 4, 5 ], [ 2, 5 ], [ 2, 7 ], 
  [ 5, 7 ], [ 1, 5 ], [ 2, 6 ], [ 6, 7 ], [ 1, 8 ], [ 5, 8 ], [ 4, 8 ] ],[ [ 1, 2, 3 ], [ 1, 4, 5 ], [ 6, 7, 8 ], [ 6, 9, 10 ], [ 2, 7, 11 ], 
  [ 4, 9, 12 ], [ 13, 14, 15 ], [ 10, 13, 16 ], [ 14, 17, 18 ], 
  [ 3, 11, 17 ], [ 16, 19, 20 ], [ 5, 19, 21 ], [ 8, 15, 18 ], 
  [ 12, 20, 21 ] ]),
SimplicialSurfaceByDownwardIncidence([ [ 1, 2 ], [ 1, 3 ], [ 2, 3 ], [ 2, 4 ], [ 1, 4 ], [ 1, 5 ], [ 1, 6 ], 
  [ 5, 6 ], [ 1, 4 ], [ 4, 5 ], [ 3, 6 ], [ 1, 2 ], [ 2, 5 ], [ 2, 7 ], 
  [ 5, 7 ], [ 2, 4 ], [ 2, 6 ], [ 6, 7 ], [ 4, 8 ], [ 2, 8 ], [ 1, 8 ] ],[ [ 1, 2, 3 ], [ 1, 4, 5 ], [ 6, 7, 8 ], [ 6, 9, 10 ], [ 2, 7, 11 ], 
  [ 4, 9, 12 ], [ 13, 14, 15 ], [ 10, 13, 16 ], [ 14, 17, 18 ], 
  [ 3, 11, 17 ], [ 16, 19, 20 ], [ 5, 19, 21 ], [ 8, 15, 18 ], 
  [ 12, 20, 21 ] ]),
SimplicialSurfaceByDownwardIncidence([ [ 1, 2 ], [ 1, 3 ], [ 2, 3 ], [ 2, 4 ], [ 1, 4 ], [ 2, 5 ], [ 2, 3 ], 
  [ 3, 5 ], [ 2, 6 ], [ 5, 6 ], [ 1, 2 ], [ 4, 6 ], [ 1, 5 ], [ 1, 7 ], 
  [ 5, 7 ], [ 1, 6 ], [ 1, 3 ], [ 3, 7 ], [ 5, 8 ], [ 3, 8 ], [ 7, 8 ] ],[ [ 1, 2, 3 ], [ 1, 4, 5 ], [ 6, 7, 8 ], [ 6, 9, 10 ], [ 2, 7, 11 ], 
  [ 4, 9, 12 ], [ 13, 14, 15 ], [ 10, 13, 16 ], [ 14, 17, 18 ], 
  [ 3, 11, 17 ], [ 5, 12, 16 ], [ 8, 19, 20 ], [ 15, 19, 21 ], 
  [ 18, 20, 21 ] ]),
SimplicialSurfaceByDownwardIncidence([ [ 1, 2 ], [ 1, 3 ], [ 2, 3 ], [ 2, 4 ], [ 1, 4 ], [ 1, 5 ], [ 1, 6 ], 
  [ 5, 6 ], [ 1, 4 ], [ 4, 5 ], [ 3, 6 ], [ 1, 2 ], [ 2, 5 ], [ 2, 7 ], 
  [ 5, 7 ], [ 2, 4 ], [ 2, 6 ], [ 6, 7 ], [ 5, 8 ], [ 6, 8 ], [ 7, 8 ] ],[ [ 1, 2, 3 ], [ 1, 4, 5 ], [ 6, 7, 8 ], [ 6, 9, 10 ], [ 2, 7, 11 ], 
  [ 4, 9, 12 ], [ 13, 14, 15 ], [ 10, 13, 16 ], [ 14, 17, 18 ], 
  [ 3, 11, 17 ], [ 5, 12, 16 ], [ 8, 19, 20 ], [ 15, 19, 21 ], 
  [ 18, 20, 21 ] ]),
SimplicialSurfaceByDownwardIncidence([ [ 1, 2 ], [ 1, 3 ], [ 2, 3 ], [ 1, 4 ], [ 2, 4 ], [ 1, 5 ], [ 1, 6 ], 
  [ 5, 6 ], [ 1, 7 ], [ 5, 7 ], [ 3, 6 ], [ 4, 7 ], [ 2, 5 ], [ 2, 8 ], 
  [ 5, 8 ], [ 2, 7 ], [ 2, 6 ], [ 6, 8 ], [ 6, 8 ], [ 5, 8 ], [ 5, 6 ] ],[ [ 1, 2, 3 ], [ 1, 4, 5 ], [ 6, 7, 8 ], [ 6, 9, 10 ], [ 2, 7, 11 ], 
  [ 4, 9, 12 ], [ 13, 14, 15 ], [ 10, 13, 16 ], [ 14, 17, 18 ], 
  [ 3, 11, 17 ], [ 5, 12, 16 ], [ 8, 19, 20 ], [ 15, 19, 21 ], 
  [ 18, 20, 21 ] ]),
SimplicialSurfaceByDownwardIncidence([ [ 1, 2 ], [ 1, 3 ], [ 2, 3 ], [ 1, 4 ], [ 2, 4 ], [ 1, 5 ], [ 1, 6 ], 
  [ 5, 6 ], [ 1, 7 ], [ 5, 7 ], [ 3, 6 ], [ 4, 7 ], [ 2, 5 ], [ 5, 6 ], 
  [ 2, 6 ], [ 2, 7 ], [ 2, 6 ], [ 2, 5 ], [ 6, 8 ], [ 5, 8 ], [ 2, 8 ] ],[ [ 1, 2, 3 ], [ 1, 4, 5 ], [ 6, 7, 8 ], [ 6, 9, 10 ], [ 2, 7, 11 ], 
  [ 4, 9, 12 ], [ 13, 14, 15 ], [ 10, 13, 16 ], [ 14, 17, 18 ], 
  [ 3, 11, 17 ], [ 5, 12, 16 ], [ 8, 19, 20 ], [ 15, 19, 21 ], 
  [ 18, 20, 21 ] ]),
SimplicialSurfaceByDownwardIncidence([ [ 1, 2 ], [ 1, 3 ], [ 2, 3 ], [ 2, 4 ], [ 1, 4 ], [ 2, 5 ], [ 1, 5 ], 
  [ 1, 2 ], [ 2, 6 ], [ 5, 6 ], [ 3, 5 ], [ 4, 6 ], [ 1, 5 ], [ 5, 7 ], 
  [ 1, 7 ], [ 1, 6 ], [ 2, 5 ], [ 2, 7 ], [ 1, 8 ], [ 2, 8 ], [ 7, 8 ] ],[ [ 1, 2, 3 ], [ 1, 4, 5 ], [ 6, 7, 8 ], [ 6, 9, 10 ], [ 2, 7, 11 ], 
  [ 4, 9, 12 ], [ 13, 14, 15 ], [ 10, 13, 16 ], [ 14, 17, 18 ], 
  [ 3, 11, 17 ], [ 5, 12, 16 ], [ 8, 19, 20 ], [ 15, 19, 21 ], 
  [ 18, 20, 21 ] ]),
SimplicialSurfaceByDownwardIncidence([ [ 1, 2 ], [ 1, 3 ], [ 2, 3 ], [ 2, 4 ], [ 1, 4 ], [ 1, 5 ], [ 1, 6 ], 
  [ 5, 6 ], [ 2, 5 ], [ 1, 2 ], [ 3, 6 ], [ 4, 5 ], [ 2, 5 ], [ 2, 7 ], 
  [ 5, 7 ], [ 1, 5 ], [ 2, 6 ], [ 6, 7 ], [ 5, 8 ], [ 6, 8 ], [ 7, 8 ] ],[ [ 1, 2, 3 ], [ 1, 4, 5 ], [ 6, 7, 8 ], [ 6, 9, 10 ], [ 2, 7, 11 ], 
  [ 4, 9, 12 ], [ 13, 14, 15 ], [ 10, 13, 16 ], [ 14, 17, 18 ], 
  [ 3, 11, 17 ], [ 5, 12, 16 ], [ 8, 19, 20 ], [ 15, 19, 21 ], 
  [ 18, 20, 21 ] ]),
SimplicialSurfaceByDownwardIncidence([ [ 1, 2 ], [ 1, 3 ], [ 2, 3 ], [ 2, 4 ], [ 1, 4 ], [ 1, 5 ], [ 1, 4 ], 
  [ 4, 5 ], [ 1, 6 ], [ 5, 6 ], [ 1, 2 ], [ 1, 7 ], [ 3, 7 ], [ 6, 7 ], 
  [ 2, 5 ], [ 2, 8 ], [ 5, 8 ], [ 3, 5 ], [ 2, 4 ], [ 4, 8 ], [ 5, 7 ] ],[ [ 1, 2, 3 ], [ 1, 4, 5 ], [ 6, 7, 8 ], [ 6, 9, 10 ], [ 4, 7, 11 ], 
  [ 2, 12, 13 ], [ 9, 12, 14 ], [ 15, 16, 17 ], [ 3, 15, 18 ], 
  [ 16, 19, 20 ], [ 5, 11, 19 ], [ 8, 17, 20 ], [ 13, 18, 21 ], 
  [ 10, 14, 21 ] ]),
SimplicialSurfaceByDownwardIncidence([ [ 1, 2 ], [ 1, 3 ], [ 2, 3 ], [ 1, 4 ], [ 2, 4 ], [ 1, 5 ], [ 1, 6 ], 
  [ 5, 6 ], [ 5, 7 ], [ 1, 7 ], [ 4, 6 ], [ 1, 7 ], [ 3, 7 ], [ 1, 5 ], 
  [ 2, 5 ], [ 2, 8 ], [ 5, 8 ], [ 3, 5 ], [ 2, 6 ], [ 6, 8 ], [ 5, 7 ] ],[ [ 1, 2, 3 ], [ 1, 4, 5 ], [ 6, 7, 8 ], [ 6, 9, 10 ], [ 4, 7, 11 ], 
  [ 2, 12, 13 ], [ 9, 12, 14 ], [ 15, 16, 17 ], [ 3, 15, 18 ], 
  [ 16, 19, 20 ], [ 5, 11, 19 ], [ 8, 17, 20 ], [ 13, 18, 21 ], 
  [ 10, 14, 21 ] ]),
SimplicialSurfaceByDownwardIncidence([ [ 1, 2 ], [ 1, 3 ], [ 2, 3 ], [ 1, 4 ], [ 2, 4 ], [ 1, 5 ], [ 1, 6 ], 
  [ 5, 6 ], [ 5, 7 ], [ 1, 7 ], [ 4, 6 ], [ 3, 5 ], [ 1, 5 ], [ 3, 7 ], 
  [ 2, 5 ], [ 2, 8 ], [ 5, 8 ], [ 3, 5 ], [ 2, 6 ], [ 6, 8 ], [ 1, 3 ] ],[ [ 1, 2, 3 ], [ 1, 4, 5 ], [ 6, 7, 8 ], [ 6, 9, 10 ], [ 4, 7, 11 ], 
  [ 2, 12, 13 ], [ 9, 12, 14 ], [ 15, 16, 17 ], [ 3, 15, 18 ], 
  [ 16, 19, 20 ], [ 5, 11, 19 ], [ 8, 17, 20 ], [ 13, 18, 21 ], 
  [ 10, 14, 21 ] ]),
SimplicialSurfaceByDownwardIncidence([ [ 1, 2 ], [ 1, 3 ], [ 2, 3 ], [ 2, 4 ], [ 1, 4 ], [ 1, 5 ], [ 2, 5 ], 
  [ 1, 2 ], [ 1, 6 ], [ 5, 6 ], [ 4, 5 ], [ 1, 7 ], [ 3, 7 ], [ 6, 7 ], 
  [ 2, 5 ], [ 5, 8 ], [ 2, 8 ], [ 3, 5 ], [ 1, 5 ], [ 1, 8 ], [ 5, 7 ] ],[ [ 1, 2, 3 ], [ 1, 4, 5 ], [ 6, 7, 8 ], [ 6, 9, 10 ], [ 4, 7, 11 ], 
  [ 2, 12, 13 ], [ 9, 12, 14 ], [ 15, 16, 17 ], [ 3, 15, 18 ], 
  [ 16, 19, 20 ], [ 5, 11, 19 ], [ 8, 17, 20 ], [ 13, 18, 21 ], 
  [ 10, 14, 21 ] ]),
SimplicialSurfaceByDownwardIncidence([ [ 1, 2 ], [ 1, 3 ], [ 2, 3 ], [ 2, 4 ], [ 1, 4 ], [ 2, 3 ], [ 2, 5 ], 
  [ 3, 5 ], [ 3, 6 ], [ 2, 6 ], [ 4, 5 ], [ 3, 7 ], [ 1, 7 ], [ 6, 7 ], 
  [ 1, 3 ], [ 1, 8 ], [ 3, 8 ], [ 1, 2 ], [ 1, 5 ], [ 5, 8 ], [ 2, 7 ] ],[ [ 1, 2, 3 ], [ 1, 4, 5 ], [ 6, 7, 8 ], [ 6, 9, 10 ], [ 4, 7, 11 ], 
  [ 2, 12, 13 ], [ 9, 12, 14 ], [ 15, 16, 17 ], [ 3, 15, 18 ], 
  [ 16, 19, 20 ], [ 5, 11, 19 ], [ 8, 17, 20 ], [ 13, 18, 21 ], 
  [ 10, 14, 21 ] ]),
SimplicialSurfaceByDownwardIncidence([ [ 1, 2 ], [ 1, 3 ], [ 2, 3 ], [ 1, 4 ], [ 2, 4 ], [ 1, 5 ], [ 1, 6 ], 
  [ 5, 6 ], [ 1, 7 ], [ 5, 7 ], [ 4, 6 ], [ 1, 4 ], [ 3, 7 ], [ 1, 6 ], 
  [ 2, 5 ], [ 2, 8 ], [ 5, 8 ], [ 3, 5 ], [ 2, 6 ], [ 6, 8 ], [ 4, 6 ] ],[ [ 1, 2, 3 ], [ 1, 4, 5 ], [ 6, 7, 8 ], [ 6, 9, 10 ], [ 7, 11, 12 ], 
  [ 2, 9, 13 ], [ 4, 11, 14 ], [ 15, 16, 17 ], [ 3, 15, 18 ], 
  [ 16, 19, 20 ], [ 5, 19, 21 ], [ 8, 17, 20 ], [ 10, 13, 18 ], 
  [ 12, 14, 21 ] ]),
SimplicialSurfaceByDownwardIncidence([ [ 1, 2 ], [ 1, 3 ], [ 2, 3 ], [ 1, 4 ], [ 2, 4 ], [ 1, 5 ], [ 1, 6 ], 
  [ 5, 6 ], [ 1, 7 ], [ 5, 7 ], [ 1, 8 ], [ 6, 8 ], [ 3, 7 ], [ 4, 8 ], 
  [ 2, 5 ], [ 5, 6 ], [ 2, 6 ], [ 3, 5 ], [ 2, 6 ], [ 2, 5 ], [ 4, 6 ] ],[ [ 1, 2, 3 ], [ 1, 4, 5 ], [ 6, 7, 8 ], [ 6, 9, 10 ], [ 7, 11, 12 ], 
  [ 2, 9, 13 ], [ 4, 11, 14 ], [ 15, 16, 17 ], [ 3, 15, 18 ], 
  [ 16, 19, 20 ], [ 5, 19, 21 ], [ 8, 17, 20 ], [ 10, 13, 18 ], 
  [ 12, 14, 21 ] ]),
SimplicialSurfaceByDownwardIncidence([ [ 1, 2 ], [ 1, 3 ], [ 2, 3 ], [ 2, 4 ], [ 1, 4 ], [ 1, 5 ], [ 2, 5 ], 
  [ 1, 2 ], [ 1, 6 ], [ 5, 6 ], [ 2, 7 ], [ 5, 7 ], [ 3, 6 ], [ 4, 7 ], 
  [ 2, 5 ], [ 5, 8 ], [ 2, 8 ], [ 3, 5 ], [ 1, 5 ], [ 1, 8 ], [ 4, 5 ] ],[ [ 1, 2, 3 ], [ 1, 4, 5 ], [ 6, 7, 8 ], [ 6, 9, 10 ], [ 7, 11, 12 ], 
  [ 2, 9, 13 ], [ 4, 11, 14 ], [ 15, 16, 17 ], [ 3, 15, 18 ], 
  [ 16, 19, 20 ], [ 5, 19, 21 ], [ 8, 17, 20 ], [ 10, 13, 18 ], 
  [ 12, 14, 21 ] ]),
SimplicialSurfaceByDownwardIncidence([ [ 1, 2 ], [ 1, 3 ], [ 2, 3 ], [ 2, 4 ], [ 1, 4 ], [ 2, 3 ], [ 2, 5 ], 
  [ 3, 5 ], [ 3, 6 ], [ 2, 6 ], [ 2, 7 ], [ 5, 7 ], [ 1, 6 ], [ 4, 7 ], 
  [ 1, 3 ], [ 1, 8 ], [ 3, 8 ], [ 1, 2 ], [ 1, 5 ], [ 5, 8 ], [ 4, 5 ] ],[ [ 1, 2, 3 ], [ 1, 4, 5 ], [ 6, 7, 8 ], [ 6, 9, 10 ], [ 7, 11, 12 ], 
  [ 2, 9, 13 ], [ 4, 11, 14 ], [ 15, 16, 17 ], [ 3, 15, 18 ], 
  [ 16, 19, 20 ], [ 5, 19, 21 ], [ 8, 17, 20 ], [ 10, 13, 18 ], 
  [ 12, 14, 21 ] ]),
SimplicialSurfaceByDownwardIncidence([ [ 1, 2 ], [ 1, 3 ], [ 2, 3 ], [ 2, 4 ], [ 1, 4 ], [ 1, 5 ], [ 1, 4 ], 
  [ 4, 5 ], [ 1, 6 ], [ 5, 6 ], [ 1, 2 ], [ 1, 7 ], [ 3, 7 ], [ 6, 7 ], 
  [ 2, 5 ], [ 2, 8 ], [ 5, 8 ], [ 3, 5 ], [ 2, 4 ], [ 4, 8 ], [ 3, 6 ] ],[ [ 1, 2, 3 ], [ 1, 4, 5 ], [ 6, 7, 8 ], [ 6, 9, 10 ], [ 4, 7, 11 ], 
  [ 2, 12, 13 ], [ 9, 12, 14 ], [ 15, 16, 17 ], [ 3, 15, 18 ], 
  [ 16, 19, 20 ], [ 5, 11, 19 ], [ 8, 17, 20 ], [ 10, 18, 21 ], 
  [ 13, 14, 21 ] ]),
SimplicialSurfaceByDownwardIncidence([ [ 1, 2 ], [ 1, 3 ], [ 2, 3 ], [ 1, 4 ], [ 2, 4 ], [ 1, 5 ], [ 1, 6 ], 
  [ 5, 6 ], [ 1, 7 ], [ 5, 7 ], [ 4, 6 ], [ 3, 7 ], [ 1, 7 ], [ 1, 3 ], 
  [ 2, 5 ], [ 2, 8 ], [ 5, 8 ], [ 3, 5 ], [ 2, 6 ], [ 6, 8 ], [ 3, 7 ] ],[ [ 1, 2, 3 ], [ 1, 4, 5 ], [ 6, 7, 8 ], [ 6, 9, 10 ], [ 4, 7, 11 ], 
  [ 2, 12, 13 ], [ 9, 12, 14 ], [ 15, 16, 17 ], [ 3, 15, 18 ], 
  [ 16, 19, 20 ], [ 5, 11, 19 ], [ 8, 17, 20 ], [ 10, 18, 21 ], 
  [ 13, 14, 21 ] ]),
SimplicialSurfaceByDownwardIncidence([ [ 1, 2 ], [ 1, 3 ], [ 2, 3 ], [ 1, 4 ], [ 2, 4 ], [ 1, 5 ], [ 1, 6 ], 
  [ 5, 6 ], [ 1, 7 ], [ 5, 7 ], [ 4, 6 ], [ 1, 8 ], [ 3, 8 ], [ 7, 8 ], 
  [ 2, 5 ], [ 5, 6 ], [ 2, 6 ], [ 3, 5 ], [ 2, 6 ], [ 2, 5 ], [ 3, 7 ] ],[ [ 1, 2, 3 ], [ 1, 4, 5 ], [ 6, 7, 8 ], [ 6, 9, 10 ], [ 4, 7, 11 ], 
  [ 2, 12, 13 ], [ 9, 12, 14 ], [ 15, 16, 17 ], [ 3, 15, 18 ], 
  [ 16, 19, 20 ], [ 5, 11, 19 ], [ 8, 17, 20 ], [ 10, 18, 21 ], 
  [ 13, 14, 21 ] ]),
SimplicialSurfaceByDownwardIncidence([ [ 1, 2 ], [ 1, 3 ], [ 2, 3 ], [ 2, 4 ], [ 1, 4 ], [ 1, 5 ], [ 2, 5 ], 
  [ 1, 2 ], [ 1, 6 ], [ 5, 6 ], [ 4, 5 ], [ 1, 7 ], [ 3, 7 ], [ 6, 7 ], 
  [ 2, 5 ], [ 5, 8 ], [ 2, 8 ], [ 3, 5 ], [ 1, 5 ], [ 1, 8 ], [ 3, 6 ] ],[ [ 1, 2, 3 ], [ 1, 4, 5 ], [ 6, 7, 8 ], [ 6, 9, 10 ], [ 4, 7, 11 ], 
  [ 2, 12, 13 ], [ 9, 12, 14 ], [ 15, 16, 17 ], [ 3, 15, 18 ], 
  [ 16, 19, 20 ], [ 5, 11, 19 ], [ 8, 17, 20 ], [ 10, 18, 21 ], 
  [ 13, 14, 21 ] ]),
SimplicialSurfaceByDownwardIncidence([ [ 1, 2 ], [ 1, 3 ], [ 2, 3 ], [ 1, 4 ], [ 2, 4 ], [ 1, 5 ], [ 1, 6 ], 
  [ 5, 6 ], [ 3, 5 ], [ 1, 3 ], [ 4, 6 ], [ 3, 7 ], [ 1, 7 ], [ 5, 7 ], 
  [ 2, 5 ], [ 2, 8 ], [ 5, 8 ], [ 3, 5 ], [ 2, 6 ], [ 6, 8 ], [ 1, 5 ] ],[ [ 1, 2, 3 ], [ 1, 4, 5 ], [ 6, 7, 8 ], [ 6, 9, 10 ], [ 4, 7, 11 ], 
  [ 2, 12, 13 ], [ 9, 12, 14 ], [ 15, 16, 17 ], [ 3, 15, 18 ], 
  [ 16, 19, 20 ], [ 5, 11, 19 ], [ 8, 17, 20 ], [ 10, 18, 21 ], 
  [ 13, 14, 21 ] ]),
SimplicialSurfaceByDownwardIncidence([ [ 1, 2 ], [ 1, 3 ], [ 2, 3 ], [ 2, 4 ], [ 1, 4 ], [ 2, 3 ], [ 2, 5 ], 
  [ 3, 5 ], [ 3, 6 ], [ 2, 6 ], [ 4, 5 ], [ 3, 7 ], [ 1, 7 ], [ 6, 7 ], 
  [ 1, 3 ], [ 1, 8 ], [ 3, 8 ], [ 1, 2 ], [ 1, 5 ], [ 5, 8 ], [ 1, 6 ] ],[ [ 1, 2, 3 ], [ 1, 4, 5 ], [ 6, 7, 8 ], [ 6, 9, 10 ], [ 4, 7, 11 ], 
  [ 2, 12, 13 ], [ 9, 12, 14 ], [ 15, 16, 17 ], [ 3, 15, 18 ], 
  [ 16, 19, 20 ], [ 5, 11, 19 ], [ 8, 17, 20 ], [ 10, 18, 21 ], 
  [ 13, 14, 21 ] ]),
SimplicialSurfaceByDownwardIncidence([ [ 1, 2 ], [ 1, 3 ], [ 2, 3 ], [ 2, 4 ], [ 1, 4 ], [ 1, 5 ], [ 3, 5 ], 
  [ 1, 6 ], [ 5, 6 ], [ 1, 7 ], [ 6, 7 ], [ 1, 4 ], [ 4, 7 ], [ 1, 2 ], 
  [ 2, 5 ], [ 2, 8 ], [ 5, 8 ], [ 2, 6 ], [ 3, 8 ], [ 2, 7 ], [ 2, 4 ] ],[ [ 1, 2, 3 ], [ 1, 4, 5 ], [ 2, 6, 7 ], [ 6, 8, 9 ], [ 8, 10, 11 ], 
  [ 10, 12, 13 ], [ 4, 12, 14 ], [ 15, 16, 17 ], [ 9, 15, 18 ], 
  [ 3, 16, 19 ], [ 11, 18, 20 ], [ 13, 20, 21 ], [ 5, 14, 21 ], 
  [ 7, 17, 19 ] ]),
SimplicialSurfaceByDownwardIncidence([ [ 1, 2 ], [ 1, 3 ], [ 2, 3 ], [ 1, 4 ], [ 2, 4 ], [ 1, 5 ], [ 3, 5 ], 
  [ 1, 6 ], [ 5, 6 ], [ 1, 7 ], [ 6, 7 ], [ 1, 8 ], [ 7, 8 ], [ 4, 8 ], 
  [ 2, 5 ], [ 3, 5 ], [ 2, 3 ], [ 2, 6 ], [ 2, 5 ], [ 2, 7 ], [ 2, 8 ] ],[ [ 1, 2, 3 ], [ 1, 4, 5 ], [ 2, 6, 7 ], [ 6, 8, 9 ], [ 8, 10, 11 ], 
  [ 10, 12, 13 ], [ 4, 12, 14 ], [ 15, 16, 17 ], [ 9, 15, 18 ], 
  [ 3, 16, 19 ], [ 11, 18, 20 ], [ 13, 20, 21 ], [ 5, 14, 21 ], 
  [ 7, 17, 19 ] ]),
SimplicialSurfaceByDownwardIncidence([ [ 1, 2 ], [ 1, 3 ], [ 2, 3 ], [ 2, 4 ], [ 1, 4 ], [ 1, 5 ], [ 3, 5 ], 
  [ 1, 6 ], [ 5, 6 ], [ 1, 7 ], [ 6, 7 ], [ 2, 7 ], [ 1, 2 ], [ 4, 7 ], 
  [ 2, 5 ], [ 2, 8 ], [ 5, 8 ], [ 2, 6 ], [ 3, 8 ], [ 2, 7 ], [ 1, 7 ] ],[ [ 1, 2, 3 ], [ 1, 4, 5 ], [ 2, 6, 7 ], [ 6, 8, 9 ], [ 8, 10, 11 ], 
  [ 10, 12, 13 ], [ 4, 12, 14 ], [ 15, 16, 17 ], [ 9, 15, 18 ], 
  [ 3, 16, 19 ], [ 11, 18, 20 ], [ 13, 20, 21 ], [ 5, 14, 21 ], 
  [ 7, 17, 19 ] ]),
SimplicialSurfaceByDownwardIncidence([ [ 1, 2 ], [ 1, 3 ], [ 2, 3 ], [ 2, 4 ], [ 1, 4 ], [ 1, 5 ], [ 3, 5 ], 
  [ 1, 6 ], [ 5, 6 ], [ 2, 6 ], [ 1, 2 ], [ 2, 7 ], [ 6, 7 ], [ 4, 7 ], 
  [ 2, 5 ], [ 2, 8 ], [ 5, 8 ], [ 2, 6 ], [ 3, 8 ], [ 1, 6 ], [ 1, 7 ] ],[ [ 1, 2, 3 ], [ 1, 4, 5 ], [ 2, 6, 7 ], [ 6, 8, 9 ], [ 8, 10, 11 ], 
  [ 10, 12, 13 ], [ 4, 12, 14 ], [ 15, 16, 17 ], [ 9, 15, 18 ], 
  [ 3, 16, 19 ], [ 11, 18, 20 ], [ 13, 20, 21 ], [ 5, 14, 21 ], 
  [ 7, 17, 19 ] ]),
SimplicialSurfaceByDownwardIncidence([ [ 1, 2 ], [ 1, 3 ], [ 2, 3 ], [ 2, 4 ], [ 1, 4 ], [ 1, 5 ], [ 3, 5 ], 
  [ 2, 5 ], [ 1, 2 ], [ 2, 6 ], [ 5, 6 ], [ 2, 7 ], [ 6, 7 ], [ 4, 7 ], 
  [ 2, 5 ], [ 2, 8 ], [ 5, 8 ], [ 1, 5 ], [ 3, 8 ], [ 1, 6 ], [ 1, 7 ] ],[ [ 1, 2, 3 ], [ 1, 4, 5 ], [ 2, 6, 7 ], [ 6, 8, 9 ], [ 8, 10, 11 ], 
  [ 10, 12, 13 ], [ 4, 12, 14 ], [ 15, 16, 17 ], [ 9, 15, 18 ], 
  [ 3, 16, 19 ], [ 11, 18, 20 ], [ 13, 20, 21 ], [ 5, 14, 21 ], 
  [ 7, 17, 19 ] ]),
SimplicialSurfaceByDownwardIncidence([ [ 1, 2 ], [ 1, 3 ], [ 2, 3 ], [ 2, 4 ], [ 1, 4 ], [ 2, 3 ], [ 1, 2 ], 
  [ 2, 5 ], [ 3, 5 ], [ 2, 6 ], [ 5, 6 ], [ 2, 7 ], [ 6, 7 ], [ 4, 7 ], 
  [ 1, 3 ], [ 3, 8 ], [ 1, 8 ], [ 1, 5 ], [ 2, 8 ], [ 1, 6 ], [ 1, 7 ] ],[ [ 1, 2, 3 ], [ 1, 4, 5 ], [ 2, 6, 7 ], [ 6, 8, 9 ], [ 8, 10, 11 ], 
  [ 10, 12, 13 ], [ 4, 12, 14 ], [ 15, 16, 17 ], [ 9, 15, 18 ], 
  [ 3, 16, 19 ], [ 11, 18, 20 ], [ 13, 20, 21 ], [ 5, 14, 21 ], 
  [ 7, 17, 19 ] ]),
SimplicialSurfaceByDownwardIncidence([ [ 1, 2 ], [ 1, 3 ], [ 2, 3 ], [ 1, 4 ], [ 2, 4 ], [ 1, 5 ], [ 3, 5 ], 
  [ 1, 6 ], [ 5, 6 ], [ 1, 7 ], [ 6, 7 ], [ 4, 7 ], [ 1, 4 ], [ 1, 7 ], 
  [ 2, 5 ], [ 2, 8 ], [ 5, 8 ], [ 2, 6 ], [ 3, 8 ], [ 2, 7 ], [ 4, 7 ] ],[ [ 1, 2, 3 ], [ 1, 4, 5 ], [ 2, 6, 7 ], [ 6, 8, 9 ], [ 8, 10, 11 ], 
  [ 10, 12, 13 ], [ 4, 12, 14 ], [ 15, 16, 17 ], [ 9, 15, 18 ], 
  [ 3, 16, 19 ], [ 11, 18, 20 ], [ 5, 20, 21 ], [ 7, 17, 19 ], 
  [ 13, 14, 21 ] ]),
SimplicialSurfaceByDownwardIncidence([ [ 1, 2 ], [ 1, 3 ], [ 2, 3 ], [ 2, 4 ], [ 1, 4 ], [ 1, 5 ], [ 3, 5 ], 
  [ 1, 6 ], [ 5, 6 ], [ 2, 6 ], [ 1, 2 ], [ 2, 7 ], [ 6, 7 ], [ 4, 7 ], 
  [ 2, 5 ], [ 2, 8 ], [ 5, 8 ], [ 2, 6 ], [ 3, 8 ], [ 1, 6 ], [ 4, 6 ] ],[ [ 1, 2, 3 ], [ 1, 4, 5 ], [ 2, 6, 7 ], [ 6, 8, 9 ], [ 8, 10, 11 ], 
  [ 10, 12, 13 ], [ 4, 12, 14 ], [ 15, 16, 17 ], [ 9, 15, 18 ], 
  [ 3, 16, 19 ], [ 11, 18, 20 ], [ 5, 20, 21 ], [ 7, 17, 19 ], 
  [ 13, 14, 21 ] ]),
SimplicialSurfaceByDownwardIncidence([ [ 1, 2 ], [ 1, 3 ], [ 2, 3 ], [ 2, 4 ], [ 1, 4 ], [ 1, 5 ], [ 3, 5 ], 
  [ 1, 6 ], [ 5, 6 ], [ 1, 4 ], [ 4, 6 ], [ 4, 7 ], [ 1, 7 ], [ 2, 7 ], 
  [ 2, 5 ], [ 2, 8 ], [ 5, 8 ], [ 2, 6 ], [ 3, 8 ], [ 2, 4 ], [ 1, 2 ] ],[ [ 1, 2, 3 ], [ 1, 4, 5 ], [ 2, 6, 7 ], [ 6, 8, 9 ], [ 8, 10, 11 ], 
  [ 10, 12, 13 ], [ 4, 12, 14 ], [ 15, 16, 17 ], [ 9, 15, 18 ], 
  [ 3, 16, 19 ], [ 11, 18, 20 ], [ 5, 20, 21 ], [ 7, 17, 19 ], 
  [ 13, 14, 21 ] ]),
SimplicialSurfaceByDownwardIncidence([ [ 1, 2 ], [ 1, 3 ], [ 2, 3 ], [ 2, 4 ], [ 1, 4 ], [ 1, 5 ], [ 3, 5 ], 
  [ 1, 6 ], [ 5, 6 ], [ 1, 4 ], [ 4, 6 ], [ 1, 2 ], [ 2, 5 ], [ 2, 6 ], 
  [ 2, 7 ], [ 5, 7 ], [ 2, 8 ], [ 3, 8 ], [ 7, 8 ], [ 2, 4 ], [ 5, 8 ] ],[ [ 1, 2, 3 ], [ 1, 4, 5 ], [ 2, 6, 7 ], [ 6, 8, 9 ], [ 8, 10, 11 ], 
  [ 4, 10, 12 ], [ 9, 13, 14 ], [ 13, 15, 16 ], [ 3, 17, 18 ], 
  [ 15, 17, 19 ], [ 11, 14, 20 ], [ 5, 12, 20 ], [ 7, 18, 21 ], 
  [ 16, 19, 21 ] ]),
SimplicialSurfaceByDownwardIncidence([ [ 1, 2 ], [ 1, 3 ], [ 2, 3 ], [ 1, 4 ], [ 2, 4 ], [ 1, 5 ], [ 3, 5 ], 
  [ 1, 6 ], [ 5, 6 ], [ 1, 7 ], [ 6, 7 ], [ 4, 7 ], [ 2, 5 ], [ 2, 6 ], 
  [ 5, 8 ], [ 2, 8 ], [ 3, 5 ], [ 2, 5 ], [ 3, 8 ], [ 2, 7 ], [ 2, 3 ] ],[ [ 1, 2, 3 ], [ 1, 4, 5 ], [ 2, 6, 7 ], [ 6, 8, 9 ], [ 8, 10, 11 ], 
  [ 4, 10, 12 ], [ 9, 13, 14 ], [ 13, 15, 16 ], [ 3, 17, 18 ], 
  [ 15, 17, 19 ], [ 11, 14, 20 ], [ 5, 12, 20 ], [ 7, 18, 21 ], 
  [ 16, 19, 21 ] ]),
SimplicialSurfaceByDownwardIncidence([ [ 1, 2 ], [ 1, 3 ], [ 2, 3 ], [ 2, 4 ], [ 1, 4 ], [ 1, 5 ], [ 3, 5 ], 
  [ 2, 5 ], [ 1, 2 ], [ 2, 6 ], [ 5, 6 ], [ 4, 6 ], [ 2, 5 ], [ 1, 5 ], 
  [ 2, 7 ], [ 5, 7 ], [ 2, 8 ], [ 3, 8 ], [ 7, 8 ], [ 1, 6 ], [ 5, 8 ] ],[ [ 1, 2, 3 ], [ 1, 4, 5 ], [ 2, 6, 7 ], [ 6, 8, 9 ], [ 8, 10, 11 ], 
  [ 4, 10, 12 ], [ 9, 13, 14 ], [ 13, 15, 16 ], [ 3, 17, 18 ], 
  [ 15, 17, 19 ], [ 11, 14, 20 ], [ 5, 12, 20 ], [ 7, 18, 21 ], 
  [ 16, 19, 21 ] ]),
SimplicialSurfaceByDownwardIncidence([ [ 1, 2 ], [ 1, 3 ], [ 2, 3 ], [ 2, 4 ], [ 1, 4 ], [ 1, 5 ], [ 3, 5 ], 
  [ 1, 6 ], [ 5, 6 ], [ 1, 4 ], [ 4, 6 ], [ 1, 2 ], [ 2, 5 ], [ 2, 7 ], 
  [ 5, 7 ], [ 2, 6 ], [ 2, 8 ], [ 3, 8 ], [ 7, 8 ], [ 2, 4 ], [ 3, 7 ] ],[ [ 1, 2, 3 ], [ 1, 4, 5 ], [ 2, 6, 7 ], [ 6, 8, 9 ], [ 8, 10, 11 ], 
  [ 4, 10, 12 ], [ 13, 14, 15 ], [ 9, 13, 16 ], [ 3, 17, 18 ], 
  [ 14, 17, 19 ], [ 11, 16, 20 ], [ 5, 12, 20 ], [ 7, 15, 21 ], 
  [ 18, 19, 21 ] ]),
SimplicialSurfaceByDownwardIncidence([ [ 1, 2 ], [ 1, 3 ], [ 2, 3 ], [ 1, 4 ], [ 2, 4 ], [ 1, 5 ], [ 3, 5 ], 
  [ 1, 6 ], [ 5, 6 ], [ 1, 7 ], [ 6, 7 ], [ 4, 7 ], [ 2, 5 ], [ 2, 8 ], 
  [ 5, 8 ], [ 2, 6 ], [ 3, 8 ], [ 2, 8 ], [ 2, 3 ], [ 2, 7 ], [ 3, 8 ] ],[ [ 1, 2, 3 ], [ 1, 4, 5 ], [ 2, 6, 7 ], [ 6, 8, 9 ], [ 8, 10, 11 ], 
  [ 4, 10, 12 ], [ 13, 14, 15 ], [ 9, 13, 16 ], [ 3, 17, 18 ], 
  [ 14, 17, 19 ], [ 11, 16, 20 ], [ 5, 12, 20 ], [ 7, 15, 21 ], 
  [ 18, 19, 21 ] ]),
SimplicialSurfaceByDownwardIncidence([ [ 1, 2 ], [ 1, 3 ], [ 2, 3 ], [ 1, 4 ], [ 2, 4 ], [ 1, 5 ], [ 3, 5 ], 
  [ 1, 6 ], [ 5, 6 ], [ 1, 7 ], [ 6, 7 ], [ 4, 7 ], [ 2, 5 ], [ 3, 5 ], 
  [ 2, 3 ], [ 2, 6 ], [ 3, 8 ], [ 2, 8 ], [ 5, 8 ], [ 2, 7 ], [ 2, 5 ] ],[ [ 1, 2, 3 ], [ 1, 4, 5 ], [ 2, 6, 7 ], [ 6, 8, 9 ], [ 8, 10, 11 ], 
  [ 4, 10, 12 ], [ 13, 14, 15 ], [ 9, 13, 16 ], [ 3, 17, 18 ], 
  [ 14, 17, 19 ], [ 11, 16, 20 ], [ 5, 12, 20 ], [ 7, 15, 21 ], 
  [ 18, 19, 21 ] ]),
SimplicialSurfaceByDownwardIncidence([ [ 1, 2 ], [ 1, 3 ], [ 2, 3 ], [ 2, 4 ], [ 1, 4 ], [ 1, 5 ], [ 3, 5 ], 
  [ 1, 6 ], [ 5, 6 ], [ 2, 6 ], [ 1, 2 ], [ 4, 6 ], [ 2, 5 ], [ 2, 7 ], 
  [ 5, 7 ], [ 2, 6 ], [ 2, 8 ], [ 3, 8 ], [ 7, 8 ], [ 1, 6 ], [ 3, 7 ] ],[ [ 1, 2, 3 ], [ 1, 4, 5 ], [ 2, 6, 7 ], [ 6, 8, 9 ], [ 8, 10, 11 ], 
  [ 4, 10, 12 ], [ 13, 14, 15 ], [ 9, 13, 16 ], [ 3, 17, 18 ], 
  [ 14, 17, 19 ], [ 11, 16, 20 ], [ 5, 12, 20 ], [ 7, 15, 21 ], 
  [ 18, 19, 21 ] ]),
SimplicialSurfaceByDownwardIncidence([ [ 1, 2 ], [ 1, 3 ], [ 2, 3 ], [ 2, 4 ], [ 1, 4 ], [ 1, 5 ], [ 3, 5 ], 
  [ 2, 5 ], [ 1, 2 ], [ 2, 6 ], [ 5, 6 ], [ 4, 6 ], [ 2, 5 ], [ 2, 7 ], 
  [ 5, 7 ], [ 1, 5 ], [ 2, 8 ], [ 3, 8 ], [ 7, 8 ], [ 1, 6 ], [ 3, 7 ] ],[ [ 1, 2, 3 ], [ 1, 4, 5 ], [ 2, 6, 7 ], [ 6, 8, 9 ], [ 8, 10, 11 ], 
  [ 4, 10, 12 ], [ 13, 14, 15 ], [ 9, 13, 16 ], [ 3, 17, 18 ], 
  [ 14, 17, 19 ], [ 11, 16, 20 ], [ 5, 12, 20 ], [ 7, 15, 21 ], 
  [ 18, 19, 21 ] ]),
SimplicialSurfaceByDownwardIncidence([ [ 1, 2 ], [ 1, 3 ], [ 2, 3 ], [ 2, 4 ], [ 1, 4 ], [ 2, 3 ], [ 1, 2 ], 
  [ 2, 5 ], [ 3, 5 ], [ 2, 6 ], [ 5, 6 ], [ 4, 6 ], [ 1, 3 ], [ 3, 7 ], 
  [ 1, 7 ], [ 1, 5 ], [ 3, 8 ], [ 2, 8 ], [ 7, 8 ], [ 1, 6 ], [ 2, 7 ] ],[ [ 1, 2, 3 ], [ 1, 4, 5 ], [ 2, 6, 7 ], [ 6, 8, 9 ], [ 8, 10, 11 ], 
  [ 4, 10, 12 ], [ 13, 14, 15 ], [ 9, 13, 16 ], [ 3, 17, 18 ], 
  [ 14, 17, 19 ], [ 11, 16, 20 ], [ 5, 12, 20 ], [ 7, 15, 21 ], 
  [ 18, 19, 21 ] ]),
SimplicialSurfaceByDownwardIncidence([ [ 1, 2 ], [ 1, 3 ], [ 2, 3 ], [ 1, 4 ], [ 2, 4 ], [ 1, 5 ], [ 3, 5 ], 
  [ 1, 6 ], [ 5, 6 ], [ 1, 7 ], [ 6, 7 ], [ 4, 7 ], [ 2, 5 ], [ 3, 5 ], 
  [ 2, 3 ], [ 2, 6 ], [ 2, 5 ], [ 2, 7 ], [ 2, 8 ], [ 7, 8 ], [ 4, 8 ] ],[ [ 1, 2, 3 ], [ 1, 4, 5 ], [ 2, 6, 7 ], [ 6, 8, 9 ], [ 8, 10, 11 ], 
  [ 4, 10, 12 ], [ 13, 14, 15 ], [ 9, 13, 16 ], [ 3, 14, 17 ], 
  [ 11, 16, 18 ], [ 18, 19, 20 ], [ 5, 19, 21 ], [ 7, 15, 17 ], 
  [ 12, 20, 21 ] ]),
SimplicialSurfaceByDownwardIncidence([ [ 1, 2 ], [ 1, 3 ], [ 2, 3 ], [ 2, 4 ], [ 1, 4 ], [ 1, 5 ], [ 3, 5 ], 
  [ 1, 6 ], [ 5, 6 ], [ 2, 6 ], [ 1, 2 ], [ 4, 6 ], [ 2, 5 ], [ 2, 7 ], 
  [ 5, 7 ], [ 2, 6 ], [ 3, 7 ], [ 1, 6 ], [ 1, 8 ], [ 6, 8 ], [ 4, 8 ] ],[ [ 1, 2, 3 ], [ 1, 4, 5 ], [ 2, 6, 7 ], [ 6, 8, 9 ], [ 8, 10, 11 ], 
  [ 4, 10, 12 ], [ 13, 14, 15 ], [ 9, 13, 16 ], [ 3, 14, 17 ], 
  [ 11, 16, 18 ], [ 18, 19, 20 ], [ 5, 19, 21 ], [ 7, 15, 17 ], 
  [ 12, 20, 21 ] ]),
SimplicialSurfaceByDownwardIncidence([ [ 1, 2 ], [ 1, 3 ], [ 2, 3 ], [ 2, 4 ], [ 1, 4 ], [ 1, 5 ], [ 3, 5 ], 
  [ 1, 6 ], [ 5, 6 ], [ 1, 4 ], [ 4, 6 ], [ 1, 2 ], [ 2, 5 ], [ 2, 7 ], 
  [ 5, 7 ], [ 2, 6 ], [ 3, 7 ], [ 2, 4 ], [ 4, 8 ], [ 2, 8 ], [ 1, 8 ] ],[ [ 1, 2, 3 ], [ 1, 4, 5 ], [ 2, 6, 7 ], [ 6, 8, 9 ], [ 8, 10, 11 ], 
  [ 4, 10, 12 ], [ 13, 14, 15 ], [ 9, 13, 16 ], [ 3, 14, 17 ], 
  [ 11, 16, 18 ], [ 18, 19, 20 ], [ 5, 19, 21 ], [ 7, 15, 17 ], 
  [ 12, 20, 21 ] ]),
SimplicialSurfaceByDownwardIncidence([ [ 1, 2 ], [ 1, 3 ], [ 2, 3 ], [ 2, 4 ], [ 1, 4 ], [ 1, 5 ], [ 3, 5 ], 
  [ 1, 6 ], [ 5, 6 ], [ 1, 4 ], [ 4, 6 ], [ 1, 2 ], [ 2, 5 ], [ 2, 7 ], 
  [ 5, 7 ], [ 2, 6 ], [ 3, 7 ], [ 2, 4 ], [ 5, 8 ], [ 3, 8 ], [ 7, 8 ] ],[ [ 1, 2, 3 ], [ 1, 4, 5 ], [ 2, 6, 7 ], [ 6, 8, 9 ], [ 8, 10, 11 ], 
  [ 4, 10, 12 ], [ 13, 14, 15 ], [ 9, 13, 16 ], [ 3, 14, 17 ], 
  [ 11, 16, 18 ], [ 5, 12, 18 ], [ 7, 19, 20 ], [ 15, 19, 21 ], 
  [ 17, 20, 21 ] ]),
SimplicialSurfaceByDownwardIncidence([ [ 1, 2 ], [ 1, 3 ], [ 2, 3 ], [ 1, 4 ], [ 2, 4 ], [ 1, 5 ], [ 3, 5 ], 
  [ 1, 6 ], [ 5, 6 ], [ 1, 7 ], [ 6, 7 ], [ 4, 7 ], [ 2, 5 ], [ 2, 8 ], 
  [ 5, 8 ], [ 2, 6 ], [ 3, 8 ], [ 2, 7 ], [ 3, 8 ], [ 5, 8 ], [ 3, 5 ] ],[ [ 1, 2, 3 ], [ 1, 4, 5 ], [ 2, 6, 7 ], [ 6, 8, 9 ], [ 8, 10, 11 ], 
  [ 4, 10, 12 ], [ 13, 14, 15 ], [ 9, 13, 16 ], [ 3, 14, 17 ], 
  [ 11, 16, 18 ], [ 5, 12, 18 ], [ 7, 19, 20 ], [ 15, 19, 21 ], 
  [ 17, 20, 21 ] ]),
SimplicialSurfaceByDownwardIncidence([ [ 1, 2 ], [ 1, 3 ], [ 2, 3 ], [ 1, 4 ], [ 2, 4 ], [ 1, 5 ], [ 3, 5 ], 
  [ 1, 6 ], [ 5, 6 ], [ 1, 7 ], [ 6, 7 ], [ 4, 7 ], [ 2, 5 ], [ 3, 5 ], 
  [ 2, 3 ], [ 2, 6 ], [ 2, 5 ], [ 2, 7 ], [ 3, 8 ], [ 5, 8 ], [ 2, 8 ] ],[ [ 1, 2, 3 ], [ 1, 4, 5 ], [ 2, 6, 7 ], [ 6, 8, 9 ], [ 8, 10, 11 ], 
  [ 4, 10, 12 ], [ 13, 14, 15 ], [ 9, 13, 16 ], [ 3, 14, 17 ], 
  [ 11, 16, 18 ], [ 5, 12, 18 ], [ 7, 19, 20 ], [ 15, 19, 21 ], 
  [ 17, 20, 21 ] ]),
SimplicialSurfaceByDownwardIncidence([ [ 1, 2 ], [ 1, 3 ], [ 2, 3 ], [ 2, 4 ], [ 1, 4 ], [ 1, 5 ], [ 3, 5 ], 
  [ 1, 6 ], [ 5, 6 ], [ 2, 6 ], [ 1, 2 ], [ 4, 6 ], [ 2, 5 ], [ 2, 7 ], 
  [ 5, 7 ], [ 2, 6 ], [ 3, 7 ], [ 1, 6 ], [ 5, 8 ], [ 3, 8 ], [ 7, 8 ] ],[ [ 1, 2, 3 ], [ 1, 4, 5 ], [ 2, 6, 7 ], [ 6, 8, 9 ], [ 8, 10, 11 ], 
  [ 4, 10, 12 ], [ 13, 14, 15 ], [ 9, 13, 16 ], [ 3, 14, 17 ], 
  [ 11, 16, 18 ], [ 5, 12, 18 ], [ 7, 19, 20 ], [ 15, 19, 21 ], 
  [ 17, 20, 21 ] ]),
SimplicialSurfaceByDownwardIncidence([ [ 1, 2 ], [ 1, 3 ], [ 2, 3 ], [ 2, 4 ], [ 1, 4 ], [ 1, 5 ], [ 3, 5 ], 
  [ 2, 5 ], [ 1, 2 ], [ 2, 6 ], [ 5, 6 ], [ 4, 6 ], [ 2, 5 ], [ 2, 7 ], 
  [ 5, 7 ], [ 1, 5 ], [ 3, 7 ], [ 1, 6 ], [ 5, 8 ], [ 3, 8 ], [ 7, 8 ] ],[ [ 1, 2, 3 ], [ 1, 4, 5 ], [ 2, 6, 7 ], [ 6, 8, 9 ], [ 8, 10, 11 ], 
  [ 4, 10, 12 ], [ 13, 14, 15 ], [ 9, 13, 16 ], [ 3, 14, 17 ], 
  [ 11, 16, 18 ], [ 5, 12, 18 ], [ 7, 19, 20 ], [ 15, 19, 21 ], 
  [ 17, 20, 21 ] ]),
SimplicialSurfaceByDownwardIncidence([ [ 1, 2 ], [ 1, 3 ], [ 2, 3 ], [ 2, 4 ], [ 1, 4 ], [ 2, 3 ], [ 1, 2 ], 
  [ 2, 5 ], [ 3, 5 ], [ 2, 6 ], [ 5, 6 ], [ 4, 6 ], [ 1, 3 ], [ 3, 7 ], 
  [ 1, 7 ], [ 1, 5 ], [ 2, 7 ], [ 1, 6 ], [ 1, 8 ], [ 2, 8 ], [ 7, 8 ] ],[ [ 1, 2, 3 ], [ 1, 4, 5 ], [ 2, 6, 7 ], [ 6, 8, 9 ], [ 8, 10, 11 ], 
  [ 4, 10, 12 ], [ 13, 14, 15 ], [ 9, 13, 16 ], [ 3, 14, 17 ], 
  [ 11, 16, 18 ], [ 5, 12, 18 ], [ 7, 19, 20 ], [ 15, 19, 21 ], 
  [ 17, 20, 21 ] ]),
SimplicialSurfaceByDownwardIncidence([ [ 1, 2 ], [ 1, 3 ], [ 2, 3 ], [ 1, 4 ], [ 2, 4 ], [ 1, 5 ], [ 3, 5 ], 
  [ 1, 6 ], [ 5, 6 ], [ 1, 7 ], [ 6, 7 ], [ 4, 7 ], [ 1, 7 ], [ 1, 4 ], 
  [ 2, 5 ], [ 2, 8 ], [ 5, 8 ], [ 2, 6 ], [ 3, 8 ], [ 4, 6 ], [ 4, 7 ] ],[ [ 1, 2, 3 ], [ 1, 4, 5 ], [ 2, 6, 7 ], [ 6, 8, 9 ], [ 8, 10, 11 ], 
  [ 4, 12, 13 ], [ 10, 12, 14 ], [ 15, 16, 17 ], [ 9, 15, 18 ], 
  [ 3, 16, 19 ], [ 5, 18, 20 ], [ 7, 17, 19 ], [ 11, 20, 21 ], 
  [ 13, 14, 21 ] ]),
SimplicialSurfaceByDownwardIncidence([ [ 1, 2 ], [ 1, 3 ], [ 2, 3 ], [ 1, 4 ], [ 2, 4 ], [ 1, 5 ], [ 3, 5 ], 
  [ 1, 6 ], [ 5, 6 ], [ 1, 7 ], [ 6, 7 ], [ 1, 8 ], [ 4, 8 ], [ 7, 8 ], 
  [ 2, 5 ], [ 3, 5 ], [ 2, 3 ], [ 2, 6 ], [ 2, 5 ], [ 4, 6 ], [ 4, 7 ] ],[ [ 1, 2, 3 ], [ 1, 4, 5 ], [ 2, 6, 7 ], [ 6, 8, 9 ], [ 8, 10, 11 ], 
  [ 4, 12, 13 ], [ 10, 12, 14 ], [ 15, 16, 17 ], [ 9, 15, 18 ], 
  [ 3, 16, 19 ], [ 5, 18, 20 ], [ 7, 17, 19 ], [ 11, 20, 21 ], 
  [ 13, 14, 21 ] ]),
SimplicialSurfaceByDownwardIncidence([ [ 1, 2 ], [ 1, 3 ], [ 2, 3 ], [ 1, 4 ], [ 2, 4 ], [ 1, 5 ], [ 3, 5 ], 
  [ 1, 6 ], [ 5, 6 ], [ 4, 6 ], [ 1, 4 ], [ 4, 7 ], [ 1, 7 ], [ 6, 7 ], 
  [ 2, 5 ], [ 2, 8 ], [ 5, 8 ], [ 2, 6 ], [ 3, 8 ], [ 4, 6 ], [ 1, 6 ] ],[ [ 1, 2, 3 ], [ 1, 4, 5 ], [ 2, 6, 7 ], [ 6, 8, 9 ], [ 8, 10, 11 ], 
  [ 4, 12, 13 ], [ 10, 12, 14 ], [ 15, 16, 17 ], [ 9, 15, 18 ], 
  [ 3, 16, 19 ], [ 5, 18, 20 ], [ 7, 17, 19 ], [ 11, 20, 21 ], 
  [ 13, 14, 21 ] ]),
SimplicialSurfaceByDownwardIncidence([ [ 1, 2 ], [ 1, 3 ], [ 2, 3 ], [ 2, 4 ], [ 1, 4 ], [ 1, 5 ], [ 3, 5 ], 
  [ 2, 5 ], [ 1, 2 ], [ 2, 6 ], [ 5, 6 ], [ 2, 7 ], [ 4, 7 ], [ 6, 7 ], 
  [ 2, 5 ], [ 2, 8 ], [ 5, 8 ], [ 1, 5 ], [ 3, 8 ], [ 4, 5 ], [ 4, 6 ] ],[ [ 1, 2, 3 ], [ 1, 4, 5 ], [ 2, 6, 7 ], [ 6, 8, 9 ], [ 8, 10, 11 ], 
  [ 4, 12, 13 ], [ 10, 12, 14 ], [ 15, 16, 17 ], [ 9, 15, 18 ], 
  [ 3, 16, 19 ], [ 5, 18, 20 ], [ 7, 17, 19 ], [ 11, 20, 21 ], 
  [ 13, 14, 21 ] ]),
SimplicialSurfaceByDownwardIncidence([ [ 1, 2 ], [ 1, 3 ], [ 2, 3 ], [ 2, 4 ], [ 1, 4 ], [ 1, 5 ], [ 3, 5 ], 
  [ 1, 4 ], [ 4, 5 ], [ 4, 6 ], [ 1, 6 ], [ 4, 7 ], [ 2, 7 ], [ 6, 7 ], 
  [ 2, 5 ], [ 2, 8 ], [ 5, 8 ], [ 2, 4 ], [ 3, 8 ], [ 1, 2 ], [ 2, 6 ] ],[ [ 1, 2, 3 ], [ 1, 4, 5 ], [ 2, 6, 7 ], [ 6, 8, 9 ], [ 8, 10, 11 ], 
  [ 4, 12, 13 ], [ 10, 12, 14 ], [ 15, 16, 17 ], [ 9, 15, 18 ], 
  [ 3, 16, 19 ], [ 5, 18, 20 ], [ 7, 17, 19 ], [ 11, 20, 21 ], 
  [ 13, 14, 21 ] ]),
SimplicialSurfaceByDownwardIncidence([ [ 1, 2 ], [ 1, 3 ], [ 2, 3 ], [ 2, 4 ], [ 1, 4 ], [ 2, 3 ], [ 1, 2 ], 
  [ 2, 5 ], [ 3, 5 ], [ 2, 6 ], [ 5, 6 ], [ 2, 7 ], [ 4, 7 ], [ 6, 7 ], 
  [ 1, 3 ], [ 3, 8 ], [ 1, 8 ], [ 1, 5 ], [ 2, 8 ], [ 4, 5 ], [ 4, 6 ] ],[ [ 1, 2, 3 ], [ 1, 4, 5 ], [ 2, 6, 7 ], [ 6, 8, 9 ], [ 8, 10, 11 ], 
  [ 4, 12, 13 ], [ 10, 12, 14 ], [ 15, 16, 17 ], [ 9, 15, 18 ], 
  [ 3, 16, 19 ], [ 5, 18, 20 ], [ 7, 17, 19 ], [ 11, 20, 21 ], 
  [ 13, 14, 21 ] ]),
SimplicialSurfaceByDownwardIncidence([ [ 1, 2 ], [ 1, 3 ], [ 2, 3 ], [ 1, 4 ], [ 2, 4 ], [ 1, 5 ], [ 3, 5 ], 
  [ 1, 6 ], [ 5, 6 ], [ 4, 6 ], [ 1, 4 ], [ 1, 6 ], [ 2, 5 ], [ 2, 7 ], 
  [ 5, 7 ], [ 2, 6 ], [ 3, 7 ], [ 4, 6 ], [ 5, 8 ], [ 3, 8 ], [ 7, 8 ] ],[ [ 1, 2, 3 ], [ 1, 4, 5 ], [ 2, 6, 7 ], [ 6, 8, 9 ], [ 8, 10, 11 ], 
  [ 4, 10, 12 ], [ 13, 14, 15 ], [ 9, 13, 16 ], [ 3, 14, 17 ], 
  [ 5, 16, 18 ], [ 7, 19, 20 ], [ 15, 19, 21 ], [ 17, 20, 21 ], 
  [ 11, 12, 18 ] ]),
SimplicialSurfaceByDownwardIncidence([ [ 1, 2 ], [ 1, 3 ], [ 2, 3 ], [ 1, 4 ], [ 2, 4 ], [ 1, 5 ], [ 3, 5 ], 
  [ 1, 6 ], [ 5, 6 ], [ 1, 7 ], [ 6, 7 ], [ 4, 7 ], [ 2, 5 ], [ 3, 5 ], 
  [ 2, 3 ], [ 2, 6 ], [ 2, 5 ], [ 4, 6 ], [ 3, 8 ], [ 5, 8 ], [ 2, 8 ] ],[ [ 1, 2, 3 ], [ 1, 4, 5 ], [ 2, 6, 7 ], [ 6, 8, 9 ], [ 8, 10, 11 ], 
  [ 4, 10, 12 ], [ 13, 14, 15 ], [ 9, 13, 16 ], [ 3, 14, 17 ], 
  [ 5, 16, 18 ], [ 7, 19, 20 ], [ 15, 19, 21 ], [ 17, 20, 21 ], 
  [ 11, 12, 18 ] ]),
SimplicialSurfaceByDownwardIncidence([ [ 1, 2 ], [ 1, 3 ], [ 2, 3 ], [ 2, 4 ], [ 1, 4 ], [ 1, 5 ], [ 3, 5 ], 
  [ 2, 5 ], [ 1, 2 ], [ 2, 6 ], [ 5, 6 ], [ 4, 6 ], [ 2, 5 ], [ 2, 7 ], 
  [ 5, 7 ], [ 1, 5 ], [ 3, 7 ], [ 4, 5 ], [ 5, 8 ], [ 3, 8 ], [ 7, 8 ] ],[ [ 1, 2, 3 ], [ 1, 4, 5 ], [ 2, 6, 7 ], [ 6, 8, 9 ], [ 8, 10, 11 ], 
  [ 4, 10, 12 ], [ 13, 14, 15 ], [ 9, 13, 16 ], [ 3, 14, 17 ], 
  [ 5, 16, 18 ], [ 7, 19, 20 ], [ 15, 19, 21 ], [ 17, 20, 21 ], 
  [ 11, 12, 18 ] ]),
SimplicialSurfaceByDownwardIncidence([ [ 1, 2 ], [ 1, 3 ], [ 2, 3 ], [ 2, 4 ], [ 1, 4 ], [ 1, 5 ], [ 3, 5 ], 
  [ 1, 4 ], [ 4, 5 ], [ 1, 2 ], [ 2, 5 ], [ 2, 6 ], [ 5, 6 ], [ 2, 4 ], 
  [ 2, 7 ], [ 3, 7 ], [ 2, 8 ], [ 6, 8 ], [ 7, 8 ], [ 3, 6 ], [ 6, 7 ] ],[ [ 1, 2, 3 ], [ 1, 4, 5 ], [ 2, 6, 7 ], [ 6, 8, 9 ], [ 4, 8, 10 ], 
  [ 11, 12, 13 ], [ 9, 11, 14 ], [ 3, 15, 16 ], [ 12, 17, 18 ], 
  [ 5, 10, 14 ], [ 15, 17, 19 ], [ 7, 13, 20 ], [ 16, 20, 21 ], 
  [ 18, 19, 21 ] ]),
SimplicialSurfaceByDownwardIncidence([ [ 1, 2 ], [ 1, 3 ], [ 2, 3 ], [ 1, 4 ], [ 2, 4 ], [ 1, 5 ], [ 3, 5 ], 
  [ 1, 6 ], [ 5, 6 ], [ 4, 6 ], [ 2, 5 ], [ 2, 7 ], [ 5, 7 ], [ 2, 6 ], 
  [ 3, 7 ], [ 2, 7 ], [ 7, 8 ], [ 2, 8 ], [ 3, 8 ], [ 3, 7 ], [ 2, 3 ] ],[ [ 1, 2, 3 ], [ 1, 4, 5 ], [ 2, 6, 7 ], [ 6, 8, 9 ], [ 4, 8, 10 ], 
  [ 11, 12, 13 ], [ 9, 11, 14 ], [ 3, 15, 16 ], [ 12, 17, 18 ], 
  [ 5, 10, 14 ], [ 15, 17, 19 ], [ 7, 13, 20 ], [ 16, 20, 21 ], 
  [ 18, 19, 21 ] ]),
SimplicialSurfaceByDownwardIncidence([ [ 1, 2 ], [ 1, 3 ], [ 2, 3 ], [ 1, 4 ], [ 2, 4 ], [ 1, 5 ], [ 3, 5 ], 
  [ 1, 6 ], [ 5, 6 ], [ 4, 6 ], [ 2, 5 ], [ 3, 5 ], [ 2, 3 ], [ 2, 6 ], 
  [ 3, 7 ], [ 2, 7 ], [ 3, 8 ], [ 5, 8 ], [ 7, 8 ], [ 2, 5 ], [ 5, 7 ] ],[ [ 1, 2, 3 ], [ 1, 4, 5 ], [ 2, 6, 7 ], [ 6, 8, 9 ], [ 4, 8, 10 ], 
  [ 11, 12, 13 ], [ 9, 11, 14 ], [ 3, 15, 16 ], [ 12, 17, 18 ], 
  [ 5, 10, 14 ], [ 15, 17, 19 ], [ 7, 13, 20 ], [ 16, 20, 21 ], 
  [ 18, 19, 21 ] ]),
SimplicialSurfaceByDownwardIncidence([ [ 1, 2 ], [ 1, 3 ], [ 2, 3 ], [ 1, 4 ], [ 2, 4 ], [ 1, 5 ], [ 3, 5 ], 
  [ 4, 5 ], [ 2, 5 ], [ 2, 6 ], [ 5, 6 ], [ 5, 7 ], [ 2, 7 ], [ 2, 8 ], 
  [ 3, 8 ], [ 2, 7 ], [ 7, 8 ], [ 4, 6 ], [ 2, 5 ], [ 5, 8 ], [ 5, 7 ] ],[ [ 1, 2, 3 ], [ 1, 4, 5 ], [ 2, 6, 7 ], [ 4, 6, 8 ], [ 9, 10, 11 ], 
  [ 9, 12, 13 ], [ 3, 14, 15 ], [ 14, 16, 17 ], [ 5, 10, 18 ], 
  [ 12, 16, 19 ], [ 7, 15, 20 ], [ 17, 20, 21 ], [ 8, 11, 18 ], 
  [ 13, 19, 21 ] ]),
SimplicialSurfaceByDownwardIncidence([ [ 1, 2 ], [ 1, 3 ], [ 2, 3 ], [ 1, 4 ], [ 2, 4 ], [ 1, 5 ], [ 3, 5 ], 
  [ 4, 5 ], [ 2, 5 ], [ 2, 6 ], [ 5, 6 ], [ 5, 7 ], [ 2, 7 ], [ 2, 8 ], 
  [ 3, 8 ], [ 5, 8 ], [ 2, 5 ], [ 4, 6 ], [ 7, 8 ], [ 5, 8 ], [ 2, 8 ] ],[ [ 1, 2, 3 ], [ 1, 4, 5 ], [ 2, 6, 7 ], [ 4, 6, 8 ], [ 9, 10, 11 ], 
  [ 9, 12, 13 ], [ 3, 14, 15 ], [ 14, 16, 17 ], [ 5, 10, 18 ], 
  [ 12, 16, 19 ], [ 7, 15, 20 ], [ 17, 20, 21 ], [ 8, 11, 18 ], 
  [ 13, 19, 21 ] ]),
SimplicialSurfaceByDownwardIncidence([ [ 1, 2 ], [ 1, 3 ], [ 2, 3 ], [ 1, 4 ], [ 2, 4 ], [ 1, 5 ], [ 3, 5 ], 
  [ 4, 5 ], [ 2, 5 ], [ 2, 6 ], [ 5, 6 ], [ 5, 7 ], [ 2, 7 ], [ 3, 5 ], 
  [ 2, 5 ], [ 5, 8 ], [ 3, 8 ], [ 4, 6 ], [ 7, 8 ], [ 2, 3 ], [ 2, 8 ] ],[ [ 1, 2, 3 ], [ 1, 4, 5 ], [ 2, 6, 7 ], [ 4, 6, 8 ], [ 9, 10, 11 ], 
  [ 9, 12, 13 ], [ 3, 14, 15 ], [ 14, 16, 17 ], [ 5, 10, 18 ], 
  [ 12, 16, 19 ], [ 7, 15, 20 ], [ 17, 20, 21 ], [ 8, 11, 18 ], 
  [ 13, 19, 21 ] ])];
